85
90
99
101
118
120
151
195
200
224
230
231
252
295
359
394
430
435
446
455
461
536
545
546
557
569
617
654
660
682
720
763
783
798
800
801
829
848
861
870
911
913
929
930
963
966
967
973
1004
1041
1043
1047
1049
1065
1073
1076
1081
1102
1151
1206
1252
1279
1281
1295
1297
1315
1338
1379
1401
1464
1466
1590
1621
1625
1630
1653
1654
1657
1672
1686
1739
1745
1748
1751
1762
1823
1828
1838
1859
1875
1884
1909
1929
1938
1949
1953
1986
1992
1999
2037
2049
2071
2081
2115
2127
2135
2137
2141
2157
2172
2184
2185
2186
2187
2188
2189
2192
2198
2206
2228
2263
2287
2292
2302
2309
2327
2330
2337
2341
2348
2350
2352
2367
2372
2377
2381
2387
2388
2396
2404
2408
2416
2420
2434
2445
2450
2458
2462
2475
2480
2537
2565
2566
2569
2572
2574
2575
2577
2578
2614
2615
2635
2639
2716
2717
2718
2724
2744
2768
2810
2825
2888
2902
2906
2958
2960
2980
2982
2985
2990
2992
2994
2995
2996
3007
3008
3010
3025
3028
3044
3067
3081
3102
3127
3131
3132
3137
3151
3155
3169
3189
3193
3205
3231
3247
3252
3265
3311
3317
3327
3330
3368
3389
3391
3395
3405
3413
3423
3424
3441
3446
3478
3487
3517
3569
3571
3583
3590
3613
3626
3628
3653
3660
3691
3692
3695
3730
3736
3754
3758
3763
3769
3783
3816
3846
3876
3895
3896
3915
3916
3929
3937
4014
4041
4051
4097
4099
4111
4112
4142
4173
4174
4182
4205
4214
4257
4259
4343
4370
4422
4436
4473
4479
4481
4482
4483
4509
4526
4543
4591
4604
4652
4691
4693
4694
4695
4705
4709
4710
4712
4714
4723
4733
4739
4763
4766
4779
4780
4826
4829
4844
4845
4855
4876
4885
4888
4903
4904
4905
4936
4993
5006
5040
5049
5051
5055
5062
5110
5120
5129
5160
5168
5209
5210
5211
5226
5244
5308
5312
5323
5329
5337
5344
5358
5396
5398
5420
5423
5448
5459
5464
5511
5529
5532
5535
5543
5548
5552
5576
5586
5589
5598
5614
5649
5713
5726
5730
5765
5770
5855
5863
5866
5867
5898
5899
5916
5931
5936
5937
5958
5984
5999
6002
6062
6148
6157
6180
6183
6198
6221
6238
6242
6243
6309
6311
6321
6336
6337
6348
6349
6350
6352
6353
6360
6365
6384
6385
6386
6393
6403
6409
6413
6444
6446
6455
6457
6461
6473
6490
6494
6495
6531
6548
6558
6563
6566
6568
6576
6580
6591
6595
6596
6604
6613
6614
6616
6621
6625
6644
6677
6696
6730
6734
6747
6748
6750
6751
6752
6758
6759
6771
6776
6777
6780
6786
6787
6788
6792
6799
6803
6808
6811
6836
6854
6862
6863
6896
6932
6942
6951
6968
6980
6981
6985
6996
6999
7004
7018
7019
7027
7029
7030
7035
7056
7057
7079
7096
7106
7108
7110
7123
7135
7137
7142
7144
7156
7159
7169
7178
7201
7238
7253
7297
7314
7335
7347
7348
7356
7362
7374
7381
7384
7402
7404
7411
7473
7503
7540
7598
7612
7628
7632
7634
7635
7665
7687
7688
7689
7724
7725
7726
7736
7769
7770
7772
7773
7774
7782
7825
7827
7880
7885
7887
7893
7916
7928
7946
7978
8016
8023
8029
8048
8049
8057
8063
8099
8102
8108
8111
8115
8116
8137
8138
8146
8151
8164
8167
8174
8175
8188
8191
8195
8201
8213
8225
8248
8257
8260
8269
8280
8299
8307
8331
8360
8369
8377
8382
8384
8387
8388
8436
8441
8471
8474
8517
8518
8519
8520
8541
8563
8566
8567
8569
8571
8574
8577
8579
8583
8591
8594
8607
8648
8650
8657
8658
8660
8733
8742
8743
8753
8754
8769
8771
8780
8792
8829
8835
8856
8864
8889
8896
8904
8907
8932
8938
8949
8955
8958
8961
8984
8993
9007
9040
9045
9055
9066
9072
9089
9100
9108
9116
9129
9159
9161
9163
9165
9166
9167
9168
9170
9207
9226
9279
9286
9289
9307
9309
9424
9428
9437
9442
9455
9468
9483
9487
9494
9507
9518
9535
9541
9585
9600
9607
9613
9629
9664
9665
9671
9680
9685
9689
9719
9720
9729
9734
9748
9751
9778
9781
9794
9812
9820
9867
9890
9908
9921
9939
9960
9961
9965
9990
9994
10032
10039
10047
10073
10076
10094
10147
10164
10177
10185
10188
10191
10213
10220
10295
10312
10320
10348
10367
10368
10386
10421
10453
10477
10478
10479
10481
10507
10547
10554
10560
10571
10583
10609
10710
10735
10771
10773
10775
10812
10825
10827
10841
10852
10866
10872
10886
10889
10890
10892
10893
10895
10900
10926
10970
11001
11018
11077
11095
11142
11162
11174
11205
11235
11241
11267
11283
11303
11306
11329
11356
11400
11405
11409
11410
11422
11423
11474
11475
11492
11516
11559
11563
11586
11592
11604
11617
11638
11663
11673
11676
11682
11684
11696
11704
11710
11738
11739
11748
11751
11756
11757
11761
11764
11769
11771
11785
11800
11803
11819
11860
11902
11912
11923
11925
11961
12015
12045
12046
12048
12050
12077
12083
12094
12104
12107
12112
12186
12208
12242
12248
12261
12268
12303
12324
12346
12359
12368
12390
12413
12425
12428
12450
12514
12523
12539
12563
12624
12634
12686
12698
12708
12709
12736
12751
12770
12790
12823
12855
12874
12929
12972
12986
12997
13047
13051
13092
13106
13110
13111
13131
13152
13164
13166
13168
13201
13202
13230
13243
13244
13250
13253
13255
13263
13278
13334
13346
13379
13400
13404
13416
13477
13485
13562
13643
13727
13732
13741
13742
13743
13773
13784
13796
13880
13927
13948
13992
14041
14057
14069
14074
14075
14101
14110
14160
14191
14198
14199
14206
14207
14208
14209
14210
14262
14265
14267
14270
14273
14277
14278
14284
14372
14384
14386
14394
14404
14406
14407
14408
14415
14417
14422
14428
14431
14443
14463
14473
14490
14494
14509
14533
14537
14548
14566
14602
14634
14647
14653
14658
14667
14695
14696
14699
14713
14714
14728
14733
14736
14745
14748
14784
14786
14788
14805
14808
14814
14822
14824
14829
14831
14845
14850
14870
14887
14898
14961
14975
14985
15029
15048
15054
15070
15075
15129
15133
15148
15149
15175
15184
15188
15196
15205
15241
15247
15258
15334
15348
15354
15376
15387
15404
15428
15462
15490
15503
15536
15547
15563
15587
15596
15602
15605
15608
15676
15677
15698
15716
15718
15744
15755
15813
15820
15827
15880
15883
15884
15892
15898
15900
15917
15921
15928
15930
15976
16001
16004
16018
16022
16038
16071
16078
16079
16089
16102
16116
16117
16136
16139
16144
16188
16221
16228
16237
16250
16273
16287
16289
16296
16352
16363
16365
16368
16382
16418
16496
16552
16556
16565
16569
16577
16580
16594
16602
16619
16648
16683
16689
16718
16746
16750
16759
16786
16802
16815
16886
16901
16911
16919
16950
16981
16988
16996
16998
17015
17035
17049
17067
17079
17084
17093
17119
17168
17171
17186
17187
17188
17201
17222
17240
17278
17304
17363
17446
17451
17452
17456
17483
17501
17502
17503
17505
17509
17515
17516
17518
17561
17577
17589
17599
17608
17617
17618
17632
17638
17647
17648
17651
17652
17657
17668
17675
17684
17710
17765
17788
17790
17806
17860
17869
17923
17924
17925
17942
17949
17957
17961
17963
17964
17984
17986
17988
17995
18003
18014
18021
18028
18053
18060
18086
18098
18149
18151
18152
18153
18155
18178
18222
18278
18284
18285
18290
18292
18342
18343
18345
18346
18355
18360
18393
18536
18556
18584
18585
18587
18630
18633
18703
18706
18708
18713
18714
18717
18722
18738
18771
18817
18853
18856
18896
18898
18915
18943
18950
18961
18987
18988
19051
19078
19079
19083
19110
19115
19122
19140
19160
19171
19185
19203
19210
19214
19216
19233
19235
19275
19277
19278
19289
19293
19299
19368
19409
19482
19491
19493
19531
19533
19548
19561
19563
19585
19603
19608
19621
19626
19649
19652
19654
19670
19671
19672
19695
19706
19718
19725
19753
19760
19773
19778
19858
19896
19903
19922
19945
20007
20016
20037
20110
20159
20162
20230
20231
20234
20237
20238
20240
20244
20248
20257
20267
20289
20338
20341
20346
20351
20376
20378
20380
20407
20419
20420
20427
20444
20454
20457
20484
20486
20547
20557
20589
20595
20597
20598
20658
20677
20679
20681
20689
20721
20723
20757
20758
20759
20760
20761
20762
20763
20765
20768
20769
20784
20804
20825
20826
20827
20828
20830
20831
20908
20917
20918
20962
21021
21026
21033
21082
21087
21096
21098
21155
21158
21176
21189
21192
21195
21248
21253
21260
21282
21283
21289
21363
21373
21374
21380
21407
21487
21496
21543
21544
21549
21566
21579
21637
21648
21654
21669
21695
21696
21702
21703
21704
21705
21712
21751
21823
21837
21855
21856
21904
21959
21960
21974
21985
21986
22001
22012
22016
22040
22083
22090
22101
22179
22189
22190
22213
22226
22269
22279
22284
22294
22393
22439
22502
22507
22605
22648
22682
22692
22694
22708
22730
22765
22775
22785
22797
22802
22816
22840
22860
22862
22867
22886
22893
22897
22925
22926
22927
22943
22947
22955
22971
22972
22994
23024
23049
23052
23116
23122
23132
23166
23174
23180
23209
23229
23231
23234
23236
23238
23243
23248
23273
23283
23286
23289
23300
23305
23335
23365
23375
23389
23399
23415
23421
23423
23427
23428
23429
23431
23438
23451
23471
23472
23474
23477
23484
23572
23590
23597
23615
23649
23655
23666
23707
23758
23759
23768
23840
23863
23887
23935
23946
23990
24037
24038
24049
24103
24133
24208
24232
24260
24265
24270
24287
24288
24291
24314
24336
24379
24396
24408
24462
24463
24487
24496
24572
24582
24590
24645
24650
24680
24708
24710
24720
24731
24733
24740
24744
24756
24764
24789
24829
24854
24866
24877
24890
24896
24910
24918
24936
24945
24991
24995
25028
25031
25036
25068
25073
25083
25089
25091
25119
25120
25162
25169
25174
25190
25194
25201
25202
25208
25211
25249
25256
25259
25265
25267
25269
25292
25299
25309
25380
25389
25390
25405
25407
25431
25451
25461
25475
25546
25553
25561
25567
25575
25585
25601
25607
25619
25634
25637
25640
25643
25665
25667
25674
25686
25696
25697
25716
25717
25738
25742
25752
25756
25798
25823
25834
25837
25838
25851
25852
25856
25857
25858
25864
25874
25887
25893
25916
25947
25951
25955
25977
25984
25987
26000
26046
26047
26050
26079
26081
26083
26091
26119
26129
26131
26132
26141
26187
26197
26243
26248
26255
26341
26367
26442
26476
26479
26485
26496
26514
26523
26549
26551
26560
26582
26587
26591
26659
26661
26664
26666
26667
26668
26669
26670
26673
26674
26680
26691
26704
26719
26726
26735
26771
26794
26801
26837
26859
26889
26924
26940
26969
27123
27146
27167
27169
27237
27239
27245
27266
27271
27278
27286
27288
27289
27291
27293
27294
27296
27297
27298
27299
27300
27302
27304
27305
27307
27310
27318
27321
27324
27325
27326
27327
27328
27335
27340
27350
27352
27354
27360
27368
27379
27384
27387
27389
27397
27413
27450
27458
27518
27535
27562
27563
27564
27576
27577
27579
27606
27670
27731
27734
27738
27739
27742
27745
27746
27752
27801
27834
27868
27869
27870
27880
27883
27896
27905
27927
27955
27961
28021
28054
28059
28078
28082
28085
28087
28119
28167
28178
28215
28250
28295
28329
28349
28370
28372
28384
28385
28423
28424
28425
28426
28440
28441
28442
28459
28475
28482
28491
28523
28601
28613
28618
28621
28640
28648
28697
28725
28841
28847
28891
28900
28909
28915
28935
28945
28948
28952
28966
28980
28982
28983
29015
29036
29040
29041
29043
29049
29085
29097
29132
29164
29181
29198
29216
29235
29248
29266
29298
29304
29316
29320
29324
29368
29417
29430
29432
29437
29472
29475
29508
29522
29534
29535
29538
29559
29577
29597
29603
29605
29666
29668
29680
29717
29751
29752
29754
29767
29809
29825
29869
29877
29894
29946
29999
30007
30009
30011
30015
30034
30037
30089
30090
30091
30094
30097
30108
30114
30125
30160
30173
30179
30183
30205
30256
30261
30273
30295
30310
30321
30332
30342
30394
30418
30425
30426
30429
30430
30433
30437
30439
30447
30451
30479
30496
30504
30513
30534
30543
30544
30545
30582
30605
30615
30630
30637
30679
30694
30695
30708
30734
30753
30776
30779
30780
30788
30792
30866
30868
30879
30884
30887
30900
30937
30938
30940
30946
30949
30954
30958
30960
30965
30966
30975
30991
30997
31003
31010
31036
31040
31061
31071
31084
31093
31107
31111
31116
31136
31147
31155
31168
31177
31198
31201
31203
31227
31238
31240
31259
31268
31273
31278
31293
31294
31303
31305
31308
31313
31320
31324
31328
31332
31333
31347
31349
31351
31353
31363
31371
31377
31401
31404
31407
31409
31415
31435
31450
31458
31460
31474
31482
31489
31495
31527
31561
31573
31580
31581
31599
31623
31640
31702
31717
31742
31751
31754
31763
31785
31787
31790
31803
31844
31851
31893
31927
31947
31948
31949
31958
31959
31962
31964
31966
32013
32022
32043
32059
32069
32094
32110
32141
32149
32171
32188
32192
32193
32194
32195
32198
32233
32234
32271
32282
32283
32294
32314
32324
32337
32340
32344
32352
32369
32394
32396
32400
32463
32486
32494
32510
32512
32514
32535
32564
32572
32574
32576
32583
32586
32641
32645
32656
32663
32667
32668
32677
32678
32725
32726
32737
32745
32757
32758
32766
32775
32776
32798
32850
32851
32858
32866
32867
32877
32886
32926
32927
32928
32929
32930
32932
32933
32934
32937
32943
32954
32971
32972
32985
32986
32991
32998
33002
33003
33004
33008
33009
33014
33017
33018
33030
33046
33056
33072
33083
33089
33091
33093
33102
33110
33114
33127
33134
33137
33140
33151
33153
33172
33179
33219
33234
33241
33248
33286
33290
33293
33331
33335
33354
33375
33379
33414
33448
33458
33468
33486
33507
33509
33524
33532
33541
33542
33544
33551
33558
33574
33584
33590
33591
33601
33612
33624
33643
33660
33662
33676
33682
33684
33702
33707
33716
33736
33745
33753
33771
33775
33802
33815
33834
33839
33855
33865
33927
33932
33934
33959
33960
33961
33976
34019
34022
34050
34057
34075
34104
34106
34108
34113
34127
34147
34150
34195
34230
34242
34266
34310
34386
34432
34550
34595
34631
34681
34764
34774
34802
34823
34845
34860
34877
34905
34907
34935
34940
34964
34971
34972
35001
35051
35066
35068
35089
35135
35136
35138
35161
35187
35260
35297
35307
35325
35339
35366
35373
35384
35392
35394
35411
35428
35431
35439
35440
35448
35454
35458
35460
35467
35482
35525
35540
35553
35566
35592
35593
35595
35596
35600
35603
35608
35620
35621
35628
35638
35684
35685
35686
35687
35706
35707
35718
35726
35732
35734
35752
35753
35758
35778
35788
35799
35825
35840
35845
35857
35858
35859
35868
35878
35879
35880
35889
35916
35919
35935
35937
36045
36046
36074
36120
36155
36165
36214
36235
36238
36291
36292
36299
36336
36343
36355
36388
36389
36414
36415
36418
36428
36429
36461
36468
36479
36482
36499
36519
36530
36540
36545
36553
36563
36564
36604
36626
36650
36670
36682
36685
36693
36698
36712
36779
36803
36833
36847
36848
36866
36874
36920
36921
36922
36925
36937
36946
36950
36951
36958
37005
37036
37040
37041
37046
37056
37080
37083
37106
37107
37108
37109
37195
37204
37220
37230
37243
37262
37273
37295
37301
37304
37329
37353
37359
37382
37399
37419
37424
37442
37461
37554
37559
37607
37618
37640
37644
37663
37665
37670
37689
37757
37763
37767
37782
37800
37810
37819
37827
37882
37888
37892
37901
37903
37930
37933
37939
37953
37963
37967
37970
37972
37975
38002
38030
38054
38087
38090
38098
38112
38176
38178
38181
38193
38213
38244
38248
38284
38285
38316
38318
38328
38329
38330
38339
38345
38362
38381
38390
38395
38413
38414
38421
38438
38439
38445
38447
38449
38465
38468
38472
38475
38492
38499
38508
38544
38546
38571
38572
38575
38578
38579
38586
38597
38602
38608
38612
38631
38680
38692
38700
38703
38736
38738
38742
38743
38744
38755
38759
38767
38770
38780
38787
38800
38803
38839
38841
38845
38846
38852
38853
38954
38980
38991
38992
39002
39016
39042
39044
39053
39055
39081
39124
39127
39145
39161
39190
39208
39221
39234
39238
39246
39249
39252
39255
39262
39269
39287
39346
39351
39355
39360
39362
39367
39371
39378
39379
39385
39386
39387
39389
39392
39394
39395
39400
39421
39431
39434
39435
39442
39443
39445
39450
39457
39461
39473
39475
39479
39480
39485
39487
39489
39523
39548
39550
39561
39563
39598
39637
39649
39662
39666
39675
39679
39697
39698
39712
39715
39720
39733
39759
39761
39770
39807
39811
39812
39831
39839
39846
39855
39890
39891
39927
39931
39954
39976
39996
40041
40052
40053
40056
40070
40077
40093
40148
40150
40195
40212
40221
40224
40227
40249
40253
40262
40283
40311
40314
40325
40366
40374
40384
40386
40402
40422
40433
40466
40484
40554
40556
40559
40569
40590
40684
40716
40731
40732
40738
40786
40800
40809
40816
40927
40938
40947
40959
40967
41033
41084
41086
41087
41089
41090
41091
41098
41104
41138
41142
41144
41146
41155
41158
41160
41164
41172
41186
41190
41191
41206
41207
41215
41219
41221
41234
41243
41284
41295
41350
41353
41356
41357
41359
41360
41361
41364
41365
41367
41368
41369
41371
41372
41373
41375
41376
41378
41379
41391
41428
41429
41431
41445
41450
41461
41466
41497
41498
41513
41517
41522
41529
41534
41553
41555
41558
41575
41578
41583
41593
41612
41613
41614
41617
41618
41623
41627
41632
41633
41637
41644
41662
41670
41672
41677
41717
41727
41747
41749
41756
41770
41781
41784
41805
41858
41860
41901
41903
41908
41910
41921
41922
41950
41952
41970
41979
41984
42010
42019
42030
42032
42051
42074
42075
42105
42116
42135
42137
42205
42227
42241
42245
42247
42248
42249
42250
42286
42323
42352
42384
42459
42461
42467
42471
42558
42562
42571
42583
42665
42670
42672
42726
42731
42768
43004
43029
43054
43076
43098
43104
43188
43216
43246
43333
43437
43544
43568
43600
43602
43619
43625
43657
43663
43682
43706
43726
43795
43807
43877
43906
43945
43949
43983
44091
44100
44127
44154
44158
44198
44220
44221
44254
44266
44267
44269
44294
44313
44347
44348
44439
44460
44464
44468
44476
44477
44480
44481
44482
44483
44484
44485
44486
44487
44488
44498
44511
44515
44521
44529
44592
44594
44604
44624
44711
44732
44764
44774
44870
44919
44973
45003
45019
45020
45023
45027
45030
45031
45033
45035
45037
45041
45052
45082
45092
45100
45112
45123
45132
45154
45159
45163
45166
45179
45180
45181
45182
45183
45184
45185
45186
45189
45192
45196
45200
45201
45203
45204
45206
45207
45208
45209
45211
45224
45228
45244
45257
45258
45261
45264
45265
45280
45299
45324
45325
45326
45329
45330
45346
45352
45355
45357
45370
45413
45420
45425
45429
45431
45432
45438
45451
45454
45455
45457
45458
45480
45481
45482
45531
45533
45534
45562
45563
45565
45598
45605
45616
45621
45625
45632
45641
45646
45661
45694
45732
45752
45757
45800
45804
45823
45838
45864
45913
45920
45942
45955
45959
46003
46052
46083
46133
46154
46158
46160
46168
46178
46179
46216
46218
46236
46242
46264
46280
46366
46381
46383
46394
46409
46419
46470
46471
46472
46486
46574
46641
46667
46690
46691
46692
46724
46729
46732
46733
46759
46770
46791
46823
46869
46874
46891
46895
46911
46945
47049
47059
47079
47101
47106
47113
47166
47192
47198
47201
47203
47255
47306
47363
47368
47375
47379
47404
47410
47464
47502
47617
47647
47656
47694
47716
47745
47782
47808
47821
47823
47824
47826
47837
47877
47906
47907
47918
47943
48060
48087
48114
48116
48143
48164
48244
48270
48288
48338
48370
48379
48493
48509
48516
48569
48571
48590
48593
48600
48707
48734
48743
48745
48746
48759
48776
48851
48856
48866
48883
48900
48992
49049
49056
49057
49062
49063
49077
49079
49107
49113
49114
49134
49171
49234
49236
49301
49310
49314
49427
49482
49486
49492
49508
49509
49552
49569
49590
49649
49691
49702
49703
49705
49708
49711
49714
49715
49719
49736
49747
49748
49751
49759
49774
49781
49793
49802
49822
49824
49886
49892
49928
49929
49933
49935
49936
49937
49948
49960
49974
49992
50002
50023
50086
50117
50123
50138
50139
50224
50248
50253
50254
50260
50273
50276
50278
50305
50339
50349
50353
50379
50398
50405
50406
50412
50450
50451
50457
50467
50487
50489
50511
50516
50517
50539
50566
50572
50589
50597
50600
50616
50636
50657
50678
50703
50710
50725
50737
50743
50769
50813
50839
50842
50844
50847
50848
50850
50851
50884
50886
50953
50982
51071
51084
51089
51108
51111
51135
51144
51183
51207
51222
51223
51224
51249
51295
51310
51342
51354
51368
51369
51371
51374
51377
51415
51472
51486
51503
51516
51520
51526
51540
51543
51582
51589
51646
51647
51649
51653
51661
51675
51828
51829
51830
51832
51858
51868
51870
51929
51938
51949
52045
52049
52064
52124
52141
52158
52159
52160
52171
52228
52234
52259
52281
52289
52310
52344
52350
52364
52391
52438
52495
52526
52559
52623
52643
52647
52658
52669
52673
52683
52684
52694
52718
52813
52824
52868
52874
52875
52876
52877
52910
52918
52931
52937
52949
53019
53035
53049
53118
53125
53142
53155
53178
53179
53181
53185
53194
53272
53316
53318
53412
53480
53486
53532
53533
53561
53579
53666
53685
53699
53721
53781
53794
53799
53803
53818
53822
53842
53850
53902
53965
53980
53981
53992
54053
54075
54076
54183
54209
54247
54255
54290
54291
54313
54316
54318
54321
54322
54334
54357
54359
54371
54373
54385
54393
54397
54417
54424
54444
54450
54469
54470
54495
54502
54510
54521
54529
54570
54571
54597
54600
54614
54631
54672
54681
54685
54687
54694
54700
54714
54717
54718
54723
54759
54783
54784
54804
54807
54831
54848
54857
54868
54869
54927
54930
54931
54955
54965
54966
54967
54990
55002
55003
55011
55016
55021
55038
55069
55080
55081
55083
55095
55146
55150
55156
55161
55171
55172
55176
55179
55186
55191
55196
55210
55223
55228
55229
55237
55246
55247
55249
55251
55259
55280
55289
55293
55297
55318
55325
55327
55332
55338
55354
55356
55368
55379
55385
55393
55399
55417
55420
55425
55426
55428
55430
55434
55455
55468
55480
55502
55503
55513
55524
55575
55584
55592
55604
55608
55613
55642
55648
55653
55664
55666
55671
55672
55677
55691
55693
55697
55702
55712
55732
55736
55756
55760
55769
55772
55773
55774
55781
55786
55796
55812
55822
55823
55843
55845
55872
55876
55890
55891
55901
55920
55921
55922
55924
55925
55928
55960
55973
55984
55996
56035
56038
56040
56043
56054
56079
56081
56091
56107
56119
56120
56127
56133
56136
56139
56146
56163
56175
56192
56198
56199
56233
56242
56268
56274
56291
56292
56296
56308
56313
56325
56360
56361
56366
56378
56383
56396
56434
56436
56447
56457
56459
56463
56480
56481
56489
56499
56528
56532
56546
56551
56580
56587
56601
56609
56610
56612
56618
56672
56687
56707
56708
56737
56742
56763
56777
56778
56782
56787
56788
56789
56791
56792
56798
56799
56801
56802
56804
56805
56807
56810
56811
56813
56814
56819
56825
56826
56842
56849
56853
56857
56858
56860
56863
56864
56865
56866
56867
56870
56871
56879
56880
56881
56883
56886
56888
56890
56905
56923
56938
56940
56943
56944
56945
56955
56956
56959
56961
56964
56965
56981
56999
57004
57009
57013
57015
57021
57022
57056
57068
57090
57091
57105
57106
57122
57126
57142
57147
57158
57210
57211
57212
57213
57245
57253
57263
57265
57266
57303
57306
57317
57318
57329
57337
57342
57352
57356
57375
57388
57393
57394
57422
57437
57438
57448
57454
57468
57476
57485
57487
57488
57555
57571
57580
57582
57594
57625
57628
57663
57664
57673
57680
57684
57686
57691
57711
57713
57718
57720
57752
57757
57765
57769
57786
57813
57818
57916
57917
57918
57921
57928
57929
57975
57985
57990
57999
58016
58017
58024
58036
58062
58100
58114
58193
58201
58293
58296
58328
58348
58373
58421
58422
58423
58424
58473
58486
58554
58583
58590
58617
58618
58686
58720
58751
58753
58756
58805
58807
58813
58831
58836
58868
58940
58965
59028
59124
59154
59167
59170
59332
59335
59353
59381
59383
59430
59453
59455
59471
59481
59484
59515
59529
59531
59538
59539
59540
59554
59561
59563
59588
59594
59595
59596
59599
59603
59607
59622
59630
59633
59643
59654
59667
59684
59689
59703
59712
59727
59728
59735
59774
59775
59777
59778
59807
59810
59831
59833
59841
59855
59856
59916
59927
59939
59946
59949
59967
59979
59990
59992
59994
59997
60016
60021
60022
60097
60101
60115
60140
60150
60151
60167
60169
60205
60206
60213
60217
60227
60229
60231
60250
60271
60277
60295
60296
60320
60321
60322
60347
60350
60354
60373
60376
60379
60380
60395
60399
60400
60403
60415
60418
60427
60433
60436
60438
60439
60448
60452
60455
60484
60486
60498
60514
60524
60560
60573
60588
60618
60628
60641
60675
60681
60692
60695
60705
60716
60722
60724
60726
60747
60749
60752
60754
60755
60757
60763
60764
60770
60794
60813
60814
60839
60847
60864
60865
60866
60879
60905
60920
60923
60936
60944
60946
60957
60978
60981
60984
60988
61004
61015
61017
61024
61026
61028
61046
61050
61056
61059
61061
61062
61106
61109
61115
61122
61130
61138
61140
61149
61168
61170
61185
61204
61206
61212
61227
61246
61295
61297
61298
61319
61348
61357
61364
61388
61396
61403
61409
61414
61419
61427
61440
61454
61480
61484
61490
61491
61496
61502
61503
61510
61511
61521
61523
61535
61544
61554
61555
61581
61585
61592
61594
61596
61597
61601
61620
61624
61628
61641
61657
61672
61677
61680
61705
61712
61720
61721
61733
61741
61746
61749
61754
61810
61841
61851
61865
61875
61930
61937
61952
61966
61973
61985
62023
62025
62031
62033
62059
62065
62103
62110
62121
62124
62144
62149
62164
62198
62199
62202
62203
62209
62218
62225
62226
62234
62249
62254
62259
62275
62279
62303
62326
62333
62349
62357
62358
62360
62379
62382
62409
62425
62427
62433
62434
62437
62442
62506
62510
62517
62521
62544
62554
62557
62570
62572
62613
62617
62620
62640
62642
62660
62668
62730
62735
62739
62740
62748
62752
62762
62768
62769
62774
62775
62778
62779
62782
62785
62793
62801
62816
62819
62821
62831
62838
62859
62866
62868
62869
62879
62922
62946
62957
62962
62965
62969
62972
62979
62987
62997
63036
63064
63121
63122
63134
63140
63141
63208
63334
63373
63408
63411
63413
63414
63420
63427
63490
63492
63496
63518
63536
63542
63543
63544
63571
63595
63596
63597
63617
63625
63629
63708
63739
63750
63802
63810
63835
63850
63877
63881
63886
63888
63898
63902
63903
63911
63912
63915
63918
63926
63932
63934
63951
63980
64023
64060
64071
64078
64083
64137
64152
64198
64232
64237
64239
64249
64280
64288
64291
64305
64308
64317
64334
64346
64436
64451
64486
64488
64491
64518
64538
64542
64544
64548
64560
64566
64574
64585
64603
64608
64611
64614
64616
64618
64634
64641
64644
64645
64648
64650
64662
64666
64670
64671
64681
64690
64691
64701
64707
64711
64712
64716
64718
64728
64729
64733
64739
64755
64767
64776
64784
64785
64794
64805
64807
64824
64827
64837
64838
64840
64843
64850
64858
64860
64862
64863
64867
64886
64895
64924
64926
64956
64994
65086
65125
65131
65140
65146
65147
65152
65156
65159
65166
65195
65200
65235
65269
65271
65279
65318
65339
65394
65396
65408
65432
65454
65466
65518
65550
65579
65581
65585
65587
65593
65598
65604
65606
65608
65609
65611
65616
65624
65658
65676
65692
65693
65695
65772
65840
65866
65905
65932
65934
65943
65950
65968
65972
65990
65993
65996
66022
66056
66093
66136
66176
66182
66186
66187
66188
66192
66198
66200
66201
66239
66244
66293
66295
66333
66336
66357
66376
66378
66382
66388
66425
66432
66434
66483
66501
66538
66568
66581
66632
66664
66667
66668
66724
66737
66753
66780
66802
66896
66997
66998
66999
67017
67025
67035
67041
67073
67123
67132
67142
67158
67263
67285
67295
67461
67468
67478
67506
67517
67533
67554
67560
67597
67640
67641
67651
67673
67687
67706
67719
67732
67773
67794
67833
67854
67874
67923
67936
67941
67945
67949
67951
67954
67962
67966
67967
67969
68005
68016
68073
68096
68122
68123
68140
68156
68174
68178
68206
68214
68221
68266
68277
68282
68283
68284
68286
68287
68294
68318
68329
68379
68388
68410
68413
68450
68454
68465
68473
68490
68494
68509
68528
68549
68550
68552
68553
68568
68577
68579
68592
68606
68630
68722
68738
68746
68754
68758
68773
68804
68806
68826
68839
68863
68867
68868
68893
68903
68918
68921
68925
68930
68933
68935
68937
68938
68963
68970
68987
68988
68992
68994
68996
69011
69017
69033
69036
69066
69078
69097
69107
69139
69147
69149
69171
69214
69219
69226
69234
69251
69254
69260
69268
69270
69289
69293
69321
69335
69380
69386
69415
69417
69423
69440
69459
69465
69473
69481
69495
69513
69567
69577
69608
69630
69636
69648
69651
69661
69675
69707
69710
69717
69719
69766
69795
69796
69813
69831
69836
69843
69851
69859
69869
69870
69872
69873
69874
69876
69878
69879
69880
69881
69893
69896
69918
69921
69925
69940
69960
69961
69977
70015
70035
70039
70050
70094
70099
70105
70113
70114
70127
70138
70140
70144
70178
70184
70188
70246
70251
70256
70292
70295
70330
70348
70419
70428
70435
70437
70444
70446
70448
70450
70457
70458
70459
70470
70471
70472
70475
70476
70477
70483
70484
70485
70487
70489
70490
70504
70506
70552
70555
70556
70558
70564
70578
70613
70616
70618
70619
70651
70697
70712
70744
70797
70811
70843
70884
70894
70932
70939
70992
70994
