19
41
44
51
57
69
86
91
94
100
101
112
116
118
119
122
124
126
127
133
134
137
167
170
175
178
186
192
216
225
228
234
245
250
254
255
268
277
278
279
290
292
295
297
304
314
331
346
347
348
353
360
377
393
397
404
412
424
425
446
460
470
477
532
535
536
541
546
558
580
581
587
599
618
630
634
640
659
693
699
707
709
710
724
727
736
754
759
768
772
798
801
828
829
838
842
845
848
864
878
897
898
911
924
929
954
967
975
977
978
981
983
984
1022
1037
1048
1049
1068
1071
1076
1080
1081
1099
1103
1116
1120
1139
1145
1149
1155
1156
1169
1210
1216
1219
1232
1254
1263
1270
1277
1280
1298
1315
1322
1326
1329
1333
1335
1348
1352
1369
1379
1381
1382
1390
1391
1393
1416
1421
1422
1430
1448
1465
1478
1494
1506
1512
1522
1527
1530
1531
1532
1540
1543
1545
1572
1573
1591
1601
1603
1619
1627
1646
1650
1654
1657
1666
1677
1679
1720
1723
1742
1748
1750
1753
1771
1775
1777
1785
1803
1812
1816
1821
1823
1828
1832
1853
1867
1892
1900
1909
1913
1927
1930
1933
1942
1958
1966
1968
1971
1972
1975
1987
1992
1996
1997
2019
2020
2030
2036
2037
2047
2054
2057
2060
2070
2071
2081
2106
2118
2131
2139
2140
2146
2159
2172
2182
2187
2188
2195
2211
2218
2236
2243
2253
2263
2278
2283
2291
2294
2296
2305
2310
2318
2323
2334
2341
2343
2349
2352
2353
2354
2364
2373
2376
2377
2394
2399
2401
2411
2417
2445
2446
2450
2459
2474
2475
2486
2491
2496
2501
2509
2529
2532
2560
2566
2571
2578
2598
2617
2629
2633
2639
2646
2650
2651
2654
2655
2670
2676
2689
2694
2701
2702
2703
2705
2707
2722
2723
2727
2728
2731
2758
2759
2763
2796
2797
2803
2809
2810
2814
2815
2836
2852
2868
2870
2885
2902
2913
2917
2921
2928
2942
2958
2960
2967
2981
2985
2990
2999
3002
3006
3007
3008
3012
3013
3023
3025
3028
3038
3048
3049
3055
3057
3067
3072
3074
3089
3093
3097
3108
3114
3131
3146
3148
3151
3169
3173
3184
3198
3202
3208
3210
3212
3217
3223
3241
3242
3247
3248
3256
3260
3268
3289
3299
3302
3316
3317
3324
3345
3349
3360
3364
3368
3370
3375
3378
3379
3391
3392
3397
3407
3413
3422
3426
3429
3440
3441
3453
3454
3472
3473
3474
3475
3476
3482
3486
3487
3489
3491
3505
3516
3531
3541
3543
3550
3551
3552
3553
3555
3557
3565
3569
3577
3578
3588
3606
3608
3622
3626
3634
3638
3645
3650
3658
3684
3687
3720
3726
3730
3742
3754
3761
3767
3773
3782
3790
3801
3809
3816
3817
3820
3829
3830
3831
3832
3834
3838
3843
3844
3865
3868
3878
3888
3923
3937
3942
3959
3963
3964
3965
3973
3979
3982
3986
3995
3999
4001
4029
4030
4036
4057
4062
4064
4069
4075
4078
4087
4104
4105
4112
4119
4130
4148
4157
4159
4162
4164
4165
4175
4180
4188
4200
4204
4206
4215
4223
4224
4226
4236
4248
4261
4271
4272
4275
4277
4289
4291
4297
4299
4303
4311
4322
4323
4344
4346
4355
4357
4363
4384
4393
4394
4396
4397
4412
4418
4422
4436
4454
4467
4482
4483
4489
4490
4507
4519
4521
4526
4551
4568
4569
4581
4584
4587
4589
4598
4604
4605
4612
4618
4632
4636
4640
4645
4646
4654
4664
4679
4689
4693
4705
4710
4712
4723
4724
4763
4773
4777
4779
4780
4786
4789
4800
4803
4821
4823
4829
4833
4836
4849
4850
4851
4854
4855
4857
4861
4866
4873
4882
4892
4916
4917
4929
4933
4935
4950
4955
4971
4972
4973
4974
4987
4990
4992
4993
4994
4996
5006
5008
5016
5020
5038
5039
5045
5057
5062
5067
5068
5071
5080
5097
5100
5105
5120
5126
5127
5129
5152
5153
5163
5166
5168
5171
5192
5196
5216
5229
5231
5258
5261
5266
5268
5277
5293
5296
5299
5300
5304
5305
5308
5312
5314
5316
5334
5350
5353
5370
5391
5411
5422
5424
5435
5442
5444
5458
5461
5462
5470
5474
5482
5486
5488
5490
5501
5503
5525
5546
5549
5552
5556
5562
5579
5589
5590
5600
5611
5612
5615
5617
5625
5628
5630
5659
5672
5681
5682
5693
5697
5701
5709
5716
5719
5734
5741
5747
5750
5760
5763
5772
5780
5798
5817
5830
5831
5841
5845
5862
5867
5903
5911
5912
5918
5928
5931
5935
5936
5953
5978
5982
5984
5988
6002
6004
6015
6026
6035
6060
6066
6068
6074
6094
6100
6105
6109
6123
6133
6148
6152
6157
6178
6180
6181
6183
6185
6188
6189
6191
6193
6195
6198
6205
6207
6215
6218
6243
6245
6259
6290
6300
6301
6311
6317
6331
6333
6338
6345
6347
6348
6351
6360
6361
6366
6373
6384
6385
6386
6391
6418
6419
6421
6425
6452
6458
6459
6460
6462
6468
6477
6485
6490
6494
6497
6505
6507
6508
6516
6517
6521
6531
6534
6548
6558
6564
6568
6569
6577
6581
6585
6591
6602
6608
6611
6613
6618
6619
6633
6651
6658
6662
6691
6694
6703
6717
6724
6732
6733
6750
6757
6775
6777
6782
6806
6829
6836
6840
6842
6853
6863
6883
6884
6888
6893
6894
6896
6916
6922
6926
6932
6938
6941
6942
6952
6968
6972
6976
6983
6987
6989
6995
7002
7015
7026
7032
7064
7077
7079
7096
7108
7109
7110
7124
7146
7149
7152
7153
7157
7165
7166
7179
7205
7212
7219
7226
7231
7236
7240
7243
7245
7260
7271
7275
7278
7287
7301
7305
7308
7311
7315
7323
7327
7342
7346
7347
7354
7357
7362
7382
7394
7404
7413
7416
7428
7432
7433
7473
7483
7484
7491
7492
7494
7504
7516
7528
7544
7557
7559
7561
7562
7598
7603
7605
7609
7612
7623
7628
7632
7638
7642
7652
7663
7689
7691
7692
7703
7707
7714
7724
7726
7727
7737
7758
7766
7772
7773
7777
7793
7805
7813
7822
7827
7833
7850
7873
7877
7880
7881
7888
7892
7893
7899
7904
7906
7920
7921
7930
7934
7949
7964
7967
7968
7970
7973
7979
7980
7988
7990
7996
8016
8020
8038
8040
8045
8049
8054
8061
8064
8067
8072
8083
8099
8107
8109
8114
8116
8120
8124
8125
8129
8130
8139
8142
8150
8151
8152
8153
8154
8162
8164
8169
8173
8174
8191
8195
8198
8205
8211
8214
8226
8232
8235
8296
8303
8305
8322
8323
8331
8336
8343
8353
8369
8374
8381
8382
8384
8387
8393
8409
8419
8431
8433
8437
8452
8454
8466
8479
8491
8517
8518
8539
8555
8559
8563
8569
8582
8592
8603
8610
8622
8625
8627
8628
8642
8643
8646
8652
8653
8655
8674
8679
8689
8690
8691
8706
8733
8737
8739
8743
8747
8749
8753
8758
8765
8768
8769
8774
8789
8797
8803
8805
8810
8814
8815
8820
8831
8855
8874
8880
8881
8889
8899
8919
8929
8930
8931
8933
8938
8939
8941
8949
8952
8955
8964
8974
8990
8993
9004
9009
9018
9027
9038
9052
9072
9076
9088
9100
9101
9118
9137
9139
9150
9151
9159
9161
9163
9165
9167
9171
9174
9181
9183
9185
9186
9190
9192
9204
9216
9228
9232
9234
9245
9261
9262
9270
9286
9289
9301
9307
9308
9352
9355
9373
9380
9381
9385
9388
9389
9397
9398
9403
9425
9429
9448
9450
9451
9459
9460
9466
9506
9515
9517
9535
9541
9543
9545
9561
9564
9568
9572
9588
9626
9628
9632
9653
9657
9663
9673
9674
9681
9692
9704
9707
9708
9710
9715
9716
9719
9729
9740
9741
9751
9754
9765
9768
9774
9776
9782
9792
9795
9798
9802
9811
9820
9822
9829
9831
9835
9841
9851
9859
9872
9874
9884
9890
9892
9896
9902
9907
9914
9918
9921
9926
9928
9939
9944
9946
9950
9961
9973
9981
9983
10000
10002
10008
10009
10010
10021
10022
10023
10025
10029
10031
10039
10064
10071
10078
10081
10085
10099
10101
10105
10122
10126
10134
10135
10137
10139
10140
10141
10144
10146
10150
10156
10160
10171
10188
10201
10207
10208
10209
10217
10220
10241
10242
10248
10256
10277
10281
10287
10289
10291
10295
10307
10312
10314
10319
10327
10343
10344
10350
10352
10365
10374
10378
10388
10419
10425
10430
10434
10449
10460
10474
10477
10478
10479
10481
10510
10537
10538
10551
10562
10570
10578
10579
10582
10584
10585
10604
10613
10615
10616
10623
10624
10625
10627
10632
10651
10662
10668
10669
10670
10712
10714
10716
10724
10732
10737
10773
10774
10776
10784
10790
10791
10793
10828
10861
10867
10868
10872
10873
10886
10893
10900
10904
10908
10918
10921
10925
10930
10937
10948
10950
10954
10958
10982
11000
11007
11011
11022
11070
11117
11131
11140
11147
11149
11151
11162
11165
11175
11183
11199
11208
11259
11261
11263
11275
11276
11281
11309
11317
11323
11329
11333
11335
11345
11350
11356
11359
11360
11366
11376
11377
11383
11397
11400
11405
11410
11443
11473
11479
11485
11501
11514
11516
11522
11540
11544
11545
11551
11554
11559
11564
11566
11568
11581
11594
11599
11623
11625
11656
11658
11661
11663
11666
11668
11671
11676
11683
11687
11696
11706
11710
11714
11728
11730
11733
11738
11739
11745
11757
11761
11762
11773
11775
11781
11782
11785
11787
11798
11799
11818
11822
11831
11847
11863
11867
11873
11875
11876
11878
11893
11910
11921
11922
11923
11925
11928
11932
11957
11966
11978
11982
11986
11988
11993
11994
11995
12005
12007
12013
12018
12019
12034
12041
12054
12060
12064
12065
12082
12090
12092
12099
12100
12113
12120
12126
12136
12142
12145
12146
12174
12176
12178
12180
12182
12186
12197
12219
12231
12259
12270
12303
12314
12324
12326
12331
12334
12342
12344
12353
12359
12368
12371
12373
12375
12381
12393
12401
12402
12430
12435
12445
12450
12463
12465
12473
12482
12489
12491
12494
12502
12511
12524
12529
12538
12541
12552
12558
12561
12563
12564
12565
12588
12589
12593
12595
12620
12625
12629
12638
12645
12657
12667
12684
12687
12688
12695
12699
12701
12702
12710
12724
12727
12730
12732
12735
12736
12739
12745
12753
12759
12760
12765
12783
12794
12796
12800
12805
12817
12831
12840
12855
12860
12866
12868
12874
12891
12892
12896
12897
12913
12914
12917
12934
12954
12955
12956
12958
12960
12961
12963
12981
12985
12986
12995
13022
13027
13029
13030
13046
13052
13054
13055
13067
13068
13069
13071
13078
13079
13083
13103
13112
13121
13129
13133
13134
13138
13145
13152
13157
13164
13172
13175
13183
13187
13195
13209
13213
13214
13224
13229
13230
13247
13255
13256
13259
13268
13278
13286
13287
13295
13297
13307
13320
13336
13337
13344
13345
13355
13363
13369
13373
13374
13377
13381
13382
13383
13385
13388
13392
13399
13410
13414
13419
13425
13433
13437
13440
13452
13459
13468
13486
13487
13536
13542
13543
13546
13555
13562
13576
13605
13619
13627
13641
13665
13669
13699
13706
13707
13708
13719
13732
13734
13736
13747
13748
13749
13790
13799
13809
13817
13824
13825
13827
13835
13842
13853
13854
13860
13872
13876
13890
13902
13914
13916
13930
13939
13942
13944
13965
13967
13970
13998
13999
14003
14015
14016
14035
14042
14052
14057
14062
14065
14070
14071
14072
14074
14075
14077
14078
14084
14085
14100
14101
14109
14115
14118
14137
14152
14157
14160
14176
14190
14191
14196
14201
14208
14235
14244
14246
14255
14265
14267
14270
14283
14286
14288
14292
14294
14295
14307
14318
14319
14322
14324
14333
14349
14351
14352
14356
14371
14376
14394
14400
14402
14417
14422
14425
14429
14431
14437
14438
14443
14445
14446
14463
14476
14480
14489
14505
14507
14512
14513
14517
14518
14529
14535
14537
14542
14547
14552
14557
14559
14567
14576
14577
14581
14584
14589
14590
14593
14595
14607
14629
14630
14638
14640
14641
14643
14648
14658
14677
14681
14686
14696
14697
14700
14703
14707
14714
14736
14740
14747
14752
14766
14772
14784
14786
14787
14788
14796
14799
14807
14808
14811
14812
14827
14836
14837
14843
14850
14859
14863
14871
14882
14883
14891
14898
14912
14915
14918
14920
14937
14939
14946
14956
14957
14978
14982
14983
14986
14994
15006
15018
15029
15032
15037
15065
15070
15078
15083
15085
15096
15101
15106
15109
15115
15118
15134
15146
15147
15163
15179
15182
15184
15197
15200
15202
15204
15205
15212
15226
15238
15240
15243
15245
15246
15252
15257
15259
15260
15269
15275
15279
15280
15283
15298
15300
15309
15322
15355
15361
15368
15371
15374
15386
15400
15406
15408
15417
15429
15430
15435
15437
15441
15470
15473
15477
15509
15518
15523
15534
15536
15542
15544
15547
15555
15600
15609
15612
15619
15626
15634
15639
15643
15650
15652
15656
15662
15676
15678
15682
15685
15689
15690
15692
15696
15698
15711
15715
15722
15723
15725
15737
15739
15745
15747
15755
15766
15772
15775
15787
15790
15807
15808
15829
15842
15849
15852
15860
15866
15867
15868
15870
15873
15876
15881
15894
15898
15900
15919
15923
15926
15927
15946
15988
15989
16003
16007
16013
16020
16027
16034
16035
16036
16042
16045
16053
16058
16067
16070
16077
16082
16090
16101
16105
16108
16111
16116
16124
16134
16135
16136
16143
16158
16162
16165
16175
16180
16190
16201
16222
16226
16237
16242
16244
16251
16252
16259
16274
16281
16285
16287
16300
16306
16319
16332
16336
16351
16352
16368
16381
16394
16403
16405
16408
16410
16414
16418
16431
16436
16441
16444
16447
16454
16484
16486
16487
16493
16502
16505
16506
16525
16550
16553
16582
16594
16596
16599
16605
16619
16624
16637
16638
16639
16643
16661
16668
16671
16672
16698
16699
16715
16723
16737
16738
16746
16747
16759
16772
16779
16780
16785
16804
16812
16816
16817
16826
16834
16838
16847
16865
16875
16883
16884
16885
16892
16898
16900
16905
16906
16912
16932
16935
16938
16940
16941
16948
16957
16961
16963
16972
16978
16995
17014
17015
17018
17020
17022
17023
17037
17046
17049
17050
17060
17068
17080
17091
17111
17112
17114
17121
17137
17150
17170
17177
17180
17186
17204
17205
17213
17227
17229
17232
17234
17240
17241
17244
17246
17251
17258
17272
17274
17275
17277
17295
17298
17300
17309
17331
17338
17339
17357
17361
17366
17367
17370
17383
17385
17413
17424
17426
17429
17448
17451
17469
17471
17494
17501
17505
17506
17507
17508
17511
17512
17513
17524
17535
17538
17566
17580
17587
17590
17599
17612
17616
17617
17626
17628
17634
17638
17639
17644
17645
17647
17657
17659
17663
17668
17685
17687
17689
17705
17712
17717
17722
17723
17743
17745
17750
17751
17758
17770
17776
17781
17784
17788
17805
17812
17813
17814
17834
17842
17869
17875
17891
17908
17909
17916
17919
17922
17938
17943
17946
17988
17990
17997
18010
18011
18027
18028
18033
18038
18046
18048
18052
18072
18078
18080
18105
18106
18116
18119
18129
18135
18140
18142
18150
18169
18174
18179
18200
18215
18217
18218
18219
18220
18225
18239
18244
18263
18265
18270
18278
18283
18284
18286
18290
18293
18309
18317
18318
18319
18329
18334
18348
18363
18389
18392
18393
18401
18439
18448
18450
18458
18462
18477
18479
18506
18514
18520
18521
18525
18526
18530
18539
18546
18550
18560
18575
18582
18589
18592
18594
18603
18614
18615
18626
18639
18647
18683
18690
18702
18703
18708
18709
18716
18720
18726
18751
18752
18781
18803
18806
18829
18840
18846
18853
18863
18869
18877
18881
18901
18902
18913
18914
18916
18927
18950
18967
18968
18982
18983
19011
19015
19034
19035
19049
19050
19053
19058
19079
19087
19099
19102
19105
19110
19115
19118
19133
19139
19148
19150
19163
19197
19206
19210
19223
19253
19259
19261
19262
19273
19277
19279
19285
19293
19297
19302
19310
19316
19317
19334
19360
19364
19373
19377
19390
19394
19396
19405
19407
19424
19436
19440
19444
19452
19455
19465
19466
19493
19503
19532
19537
19552
19559
19562
19563
19564
19565
19567
19594
19599
19608
19617
19625
19631
19634
19649
19652
19653
19660
19662
19667
19668
19674
19675
19678
19683
19695
19731
19742
19748
19755
19758
19761
19766
19775
19776
19827
19828
19835
19851
19857
19882
19887
19904
19917
19928
19938
19939
19945
19946
19967
19976
19985
20012
20013
20017
20030
20036
20037
20039
20046
20068
20075
20082
20097
20100
20123
20127
20129
20133
20139
20142
20144
20149
20152
20155
20157
20160
20175
20179
20184
20185
20186
20188
20191
20213
20222
20226
20227
20230
20234
20237
20240
20241
20260
20270
20274
20279
20283
20284
20288
20290
20304
20305
20307
20313
20315
20323
20330
20333
20334
20341
20355
20360
20375
20380
20381
20383
20389
20395
20407
20429
20437
20461
20462
20467
20472
20478
20484
20495
20510
20514
20515
20530
20537
20538
20549
20550
20559
20587
20593
20595
20600
20602
20615
20627
20634
20638
20651
20659
20664
20673
20694
20716
20721
20723
20742
20746
20751
20758
20763
20772
20774
20787
20806
20814
20824
20825
20826
20827
20836
20851
20855
20858
20859
20865
20877
20902
20910
20912
20917
20961
20967
20970
20973
20980
20982
20983
20986
20987
20992
20994
20995
21000
21006
21007
21013
21025
21050
21051
21052
21076
21077
21078
21079
21082
21089
21111
21127
21142
21144
21155
21181
21183
21186
21187
21212
21228
21238
21248
21253
21259
21264
21267
21284
21289
21290
21298
21299
21309
21324
21326
21328
21342
21374
21380
21381
21392
21405
21420
21424
21464
21476
21481
21487
21488
21495
21496
21504
21509
21532
21535
21538
21541
21542
21549
21559
21571
21573
21576
21579
21580
21582
21583
21584
21593
21600
21623
21625
21626
21639
21647
21648
21649
21652
21654
21657
21665
21675
21678
21692
21703
21710
21714
21730
21743
21751
21752
21761
21764
21768
21774
21786
21797
21798
21804
21810
21815
21823
21828
21841
21848
21853
21856
21864
21865
21872
21877
21886
21914
21935
21938
21946
21947
21952
21962
21974
21975
21978
21984
21986
21995
21999
22007
22010
22029
22038
22040
22046
22049
22057
22064
22072
22079
22082
22083
22086
22093
22100
22103
22110
22115
22119
22120
22128
22129
22143
22145
22152
22154
22171
22176
22177
22190
22201
22202
22212
22217
22224
22231
22241
22251
22255
22262
22269
22271
22283
22285
22287
22294
22295
22296
22306
22310
22313
22315
22324
22333
22336
22352
22363
22364
22377
22380
22386
22388
22395
22397
22398
22409
22432
22434
22445
22456
22472
22480
22500
22517
22523
22526
22527
22535
22549
22550
22561
22562
22572
22582
22591
22595
22598
22619
22633
22634
22637
22641
22643
22645
22648
22652
22655
22657
22663
22673
22674
22679
22687
22701
22715
22724
22730
22733
22741
22746
22752
22755
22762
22777
22779
22781
22784
22785
22786
22809
22826
22835
22836
22838
22854
22860
22862
22863
22867
22876
22893
22894
22895
22897
22902
22926
22927
22933
22946
22952
22958
22971
22978
22987
22993
23002
23003
23008
23011
23013
23018
23019
23020
23035
23036
23041
23051
23061
23064
23072
23083
23087
23096
23099
23105
23109
23137
23142
23156
23164
23168
23176
23178
23182
23196
23198
23205
23206
23217
23221
23232
23247
23248
23252
23254
23258
23259
23289
23290
23299
23305
23329
23346
23362
23370
23372
23373
23378
23379
23382
23388
23392
23394
23398
23400
23401
23403
23405
23412
23419
23435
23437
23442
23443
23446
23463
23471
23472
23474
23482
23484
23489
23500
23503
23509
23522
23523
23531
23533
23538
23542
23543
23546
23557
23560
23565
23572
23574
23595
23597
23598
23601
23603
23605
23611
23616
23619
23625
23629
23634
23648
23653
23666
23694
23698
23707
23710
23735
23736
23737
23740
23745
23753
23782
23801
23811
23817
23847
23851
23856
23857
23859
23913
23915
23919
23924
23947
23953
23958
23960
23968
23969
23973
23982
23985
23996
23997
24001
24011
24014
24021
24033
24049
24080
24083
24085
24090
24093
24100
24110
24115
24119
24122
24125
24132
24133
24141
24149
24161
24162
24171
24172
24196
24208
24222
24223
24232
24239
24249
24256
24271
24272
24278
24283
24288
24289
24294
24314
24316
24330
24332
24344
24355
24357
24360
24381
24384
24386
24389
24412
24431
24450
24461
24462
24471
24487
24493
24497
24500
24509
24513
24515
24530
24531
24533
24535
24540
24541
24550
24555
24563
24566
24571
24572
24586
24590
24596
24621
24625
24626
24629
24632
24638
24639
24646
24674
24677
24701
24725
24726
24731
24733
24750
24752
24757
24760
24761
24774
24776
24785
24798
24807
24811
24814
24822
24825
24845
24848
24849
24854
24855
24856
24858
24862
24866
24867
24868
24882
24885
24887
24889
24891
24894
24911
24918
24922
24928
24932
24936
24941
24951
24955
24956
24958
24960
24963
24966
24970
24975
24982
24984
24991
24993
25001
25010
25013
25020
25064
25071
25075
25078
25087
25090
25091
25121
25126
25127
25129
25131
25141
25143
25146
25150
25153
25158
25172
25178
25184
25198
25214
25215
25231
25238
25240
25243
25249
25254
25261
25263
25267
25269
25271
25274
25278
25285
25298
25303
25304
25311
25318
25328
25329
25352
25353
25364
25375
25381
25387
25389
25393
25403
25409
25412
25413
25414
25433
25437
25440
25442
25444
25479
25484
25494
25499
25504
25509
25510
25516
25521
25526
25533
25534
25542
25549
25573
25574
25575
25579
25581
25588
25597
25603
25606
25637
25660
25667
25673
25675
25686
25687
25696
25701
25706
25711
25714
25715
25717
25722
25727
25736
25742
25746
25750
25753
25760
25767
25773
25780
25800
25802
25803
25812
25813
25814
25820
25829
25834
25840
25861
25869
25870
25879
25880
25885
25886
25897
25900
25903
25911
25915
25929
25937
25942
25951
25953
25971
25985
25995
25999
26000
26006
26014
26015
26018
26024
26037
26046
26051
26058
26067
26076
26079
26083
26105
26115
26118
26127
26132
26137
26140
26141
26154
26155
26162
26166
26174
26190
26195
26208
26210
26215
26219
26228
26232
26242
26243
26248
26276
26277
26278
26286
26303
26312
26316
26323
26329
26336
26338
26365
26371
26381
26386
26395
26401
26415
26432
26436
26441
26442
26452
26456
26457
26480
26481
26496
26497
26506
26509
26510
26513
26520
26523
26525
26528
26532
26535
26549
26551
26558
26567
26576
26577
26592
26594
26602
26603
26619
26631
26639
26652
26667
26669
26670
26672
26678
26680
26686
26689
26698
26704
26707
26719
26722
26737
26749
26754
26759
26761
26765
26766
26770
26778
26783
26786
26812
26826
26834
26840
26841
26857
26859
26860
26863
26874
26877
26880
26882
26883
26885
26889
26895
26909
26912
26918
26921
26934
26945
26949
26959
26968
26979
26987
26989
26992
26993
27001
27010
27039
27042
27056
27061
27065
27076
27079
27090
27091
27093
27095
27100
27106
27111
27113
27121
27127
27137
27157
27172
27181
27186
27191
27192
27202
27213
27214
27227
27252
27253
27254
27264
27266
27267
27269
27271
27274
27278
27288
27291
27302
27304
27313
27317
27319
27325
27326
27327
27328
27333
27335
27339
27352
27353
27356
27359
27361
27378
27385
27397
27404
27406
27424
27454
27465
27466
27467
27469
27474
27480
27481
27526
27537
27539
27541
27552
27554
27560
27564
27566
27583
27613
27616
27619
27635
27650
27678
27679
27680
27685
27690
27694
27695
27728
27731
27733
27753
27765
27766
27770
27787
27791
27800
27802
27808
27816
27826
27828
27829
27830
27844
27847
27849
27850
27852
27857
27868
27869
27870
27882
27903
27913
27915
27925
27948
27953
27963
27970
27971
27985
27997
28005
28016
28029
28034
28045
28050
28053
28054
28059
28062
28066
28070
28075
28078
28080
28085
28108
28110
28115
28125
28131
28134
28167
28168
28191
28198
28199
28201
28207
28212
28214
28215
28216
28217
28238
28250
28253
28256
28263
28264
28280
28282
28287
28298
28305
28306
28321
28322
28329
28331
28333
28338
28344
28350
28357
28360
28364
28370
28382
28385
28390
28393
28395
28407
28409
28413
28427
28431
28446
28476
28479
28486
28510
28511
28519
28521
28535
28537
28539
28542
28551
28559
28571
28574
28579
28584
28588
28614
28630
28637
28640
28649
28654
28661
28665
28684
28689
28695
28703
28705
28710
28732
28741
28750
28756
28763
28777
28778
28781
28784
28795
28797
28805
28845
28855
28856
28858
28860
28885
28887
28889
28900
28903
28927
28930
28939
28941
28946
28947
28960
28967
28974
28976
29016
29029
29030
29040
29053
29063
29069
29070
29079
29080
29090
29094
29102
29122
29135
29138
29139
29140
29153
29154
29156
29164
29170
29181
29196
29198
29200
29201
29207
29208
29209
29211
29214
29216
29234
29237
29254
29259
29264
29269
29284
29290
29294
29298
29301
29309
29317
29334
29335
29341
29345
29346
29356
29366
29367
29371
29373
29388
29390
29399
29400
29422
29428
29439
29440
29444
29453
29457
29461
29463
29464
29475
29479
29482
29489
29500
29525
29534
29536
29539
29541
29545
29547
29558
29559
29561
29572
29585
29588
29592
29601
29656
29668
29681
29691
29711
29714
29719
29722
29724
29725
29726
29743
29744
29751
29754
29755
29772
29799
29801
29813
29815
29818
29830
29837
29838
29843
29846
29858
29859
29867
29869
29873
29877
29883
29894
29895
29912
29938
29946
29953
29957
29981
29993
29999
30013
30015
30023
30031
30037
30051
30088
30091
30097
30098
30103
30117
30125
30128
30137
30146
30156
30170
30173
30180
30188
30196
30201
30206
30209
30254
30261
30265
30272
30280
30294
30309
30315
30322
30332
30356
30357
30372
30377
30388
30395
30414
30434
30437
30444
30451
30455
30469
30476
30479
30490
30496
30506
30510
30511
30512
30517
30528
30529
30533
30536
30539
30545
30553
30555
30556
30575
30579
30594
30596
30603
30609
30624
30632
30637
30661
30662
30663
30672
30673
30675
30679
30694
30700
30708
30710
30716
30719
30730
30731
30734
30741
30749
30750
30756
30783
30792
30793
30802
30808
30815
30816
30830
30831
30836
30838
30840
30879
30884
30887
30888
30898
30904
30908
30919
30927
30929
30937
30946
30963
30968
30980
30982
30985
30992
30996
30997
31001
31005
31012
31014
31036
31054
31056
31071
31075
31079
31084
31096
31118
31120
31138
31144
31159
31166
31198
31205
31214
31218
31227
31228
31237
31239
31240
31249
31259
31260
31263
31266
31285
31288
31294
31298
31303
31305
31308
31310
31320
31325
31328
31329
31331
31334
31347
31367
31368
31369
31370
31374
31383
31384
31385
31394
31395
31397
31399
31400
31404
31434
31435
31436
31438
31441
31446
31454
31459
31482
31483
31498
31507
31508
31512
31518
31532
31568
31576
31577
31583
31592
31605
31616
31617
31640
31642
31658
31662
31680
31685
31686
31687
31689
31699
31700
31707
31709
31720
31725
31727
31728
31730
31732
31734
31737
31742
31744
31747
31754
31763
31784
31792
31802
31805
31810
31821
31824
31828
31833
31834
31836
31847
31851
31856
31869
31870
31879
31881
31891
31893
31900
31902
31904
31908
31909
31911
31914
31916
31941
31942
31956
31959
31964
31968
31983
31990
31994
32001
32008
32011
32012
32019
32030
32037
32038
32039
32044
32046
32059
32066
32069
32081
32100
32110
32111
32113
32123
32141
32144
32145
32146
32148
32166
32176
32183
32187
32193
32194
32198
32201
32205
32206
32223
32224
32231
32239
32247
32250
32254
32259
32266
32268
32274
32276
32277
32279
32288
32292
32299
32320
32323
32324
32344
32352
32356
32358
32360
32369
32371
32418
32432
32446
32449
32463
32464
32468
32469
32494
32499
32516
32525
32526
32529
32536
32537
32550
32555
32558
32564
32566
32567
32572
32573
32576
32580
32585
32599
32603
32605
32606
32616
32623
32625
32627
32630
32653
32659
32660
32667
32670
32671
32674
32675
32677
32681
32685
32701
32706
32716
32724
32725
32726
32735
32745
32746
32747
32757
32765
32766
32771
32772
32773
32791
32798
32799
32800
32801
32813
32818
32820
32825
32827
32838
32857
32860
32865
32869
32878
32885
32886
32890
32898
32903
32909
32910
32927
32929
32930
32932
32943
32954
32971
32976
32977
32985
33017
33021
33031
33032
33039
33040
33045
33058
33060
33077
33085
33091
33093
33094
33098
33100
33110
33126
33133
33135
33136
33148
33153
33154
33163
33207
33208
33209
33210
33212
33214
33217
33220
33226
33227
33265
33274
33276
33283
33306
33313
33320
33321
33331
33337
33340
33343
33344
33351
33358
33367
33383
33384
33391
33392
33395
33396
33407
33416
33437
33440
33450
33452
33457
33458
33461
33468
33478
33482
33483
33484
33491
33492
33502
33506
33510
33515
33526
33529
33533
33535
33540
33542
33553
33557
33560
33574
33579
33580
33581
33584
33601
33602
33603
33605
33611
33612
33637
33643
33660
33662
33671
33674
33675
33678
33682
33688
33693
33714
33727
33728
33731
33733
33736
33737
33741
33746
33762
33764
33770
33782
33787
33789
33793
33801
33802
33804
33805
33815
33819
33826
33828
33834
33839
33843
33847
33852
33855
33856
33865
33869
33885
33890
33898
33902
33904
33909
33922
33923
33925
33930
33947
33958
33961
33964
33966
33967
33974
33982
33983
33984
33988
34010
34011
34039
34040
34046
34057
34065
34066
34067
34068
34073
34074
34075
34083
34084
34087
34090
34101
34108
34117
34118
34120
34126
34130
34132
34139
34142
34146
34148
34149
34155
34159
34160
34168
34171
34191
34214
34226
34227
34242
34244
34246
34279
34297
34301
34311
34328
34332
34335
34356
34360
34364
34365
34369
34370
34371
34373
34382
34392
34401
34402
34407
34421
34426
34430
34451
34484
34493
34512
34521
34522
34523
34531
34553
34562
34569
34571
34572
34576
34578
34580
34680
34707
34730
34736
34756
34764
34768
34781
34790
34799
34810
34819
34833
34841
34851
34871
34906
34913
34914
34928
34931
34936
34945
34950
34952
34954
34955
34957
34965
34969
34971
34973
34980
34982
34993
35015
35033
35035
35036
35045
35053
35054
35069
35072
35091
35092
35098
35103
35135
35136
35143
35151
35155
35185
35191
35196
35203
35205
35208
35210
35215
35236
35245
35253
35255
35256
35259
35260
35284
35285
35297
35306
35314
35327
35333
35334
35337
35340
35359
35375
35391
35392
35394
35395
35425
35428
35437
35440
35441
35468
35471
35474
35479
35484
35485
35492
35496
35498
35515
35516
35518
35519
35522
35523
35528
35529
35538
35550
35554
35555
35556
35560
35567
35578
35586
35588
35589
35590
35592
35593
35599
35602
35604
35608
35614
35615
35618
35619
35624
35626
35627
35629
35632
35633
35647
35648
35649
35652
35663
35664
35665
35670
35671
35674
35675
35676
35686
35687
35696
35700
35701
35704
35712
35716
35718
35719
35720
35723
35726
35734
35737
35742
35745
35753
35763
35764
35765
35766
35768
35777
35778
35781
35782
35787
35790
35791
35793
35794
35795
35796
35797
35799
35808
35812
35813
35816
35824
35828
35830
35832
35834
35838
35840
35862
35868
35879
35886
35889
35890
35901
35903
35904
35912
35918
35923
35928
35938
35942
35946
35957
35974
35980
36004
36006
36022
36041
36048
36050
36051
36053
36056
36057
36063
36068
36076
36085
36086
36089
36103
36116
36121
36147
36153
36155
36157
36161
36179
36181
36192
36207
36213
36214
36231
36236
36245
36248
36254
36259
36260
36264
36280
36282
36287
36292
36295
36297
36303
36306
36313
36316
36334
36338
36339
36347
36351
36359
36366
36376
36380
36382
36384
36386
36410
36417
36418
36425
36429
36445
36446
36448
36449
36451
36454
36456
36459
36469
36477
36478
36480
36496
36505
36516
36526
36529
36540
36541
36562
36568
36572
36586
36588
36598
36601
36602
36620
36628
36636
36646
36654
36659
36665
36666
36670
36685
36691
36695
36696
36701
36713
36727
36733
36735
36736
36744
36765
36794
36824
36831
36844
36847
36869
36874
36877
36920
36922
36927
36931
36934
36937
36945
36949
36955
36958
36960
36965
36967
36969
36970
36974
36979
36986
36988
36989
36990
36991
37001
37006
37021
37026
37043
37046
37054
37056
37057
37059
37062
37066
37079
37081
37082
37087
37090
37093
37097
37098
37099
37104
37106
37107
37112
37120
37123
37124
37125
37130
37150
37153
37166
37169
37181
37182
37189
37195
37196
37202
37215
37224
37244
37248
37253
37254
37256
37265
37284
37290
37295
37296
37300
37301
37302
37305
37314
37319
37325
37328
37330
37334
37335
37338
37342
37349
37368
37381
37391
37399
37400
37402
37407
37415
37417
37425
37437
37442
37449
37451
37456
37459
37461
37463
37467
37471
37475
37485
37486
37491
37506
37509
37510
37511
37513
37520
37527
37532
37536
37539
37540
37544
37551
37554
37556
37559
37561
37564
37567
37571
37577
37593
37621
37626
37637
37650
37654
37662
37678
37716
37725
37727
37728
37749
37761
37762
37764
37769
37777
37782
37783
37799
37801
37805
37815
37833
37836
37840
37845
37858
37862
37867
37868
37873
37874
37879
37883
37887
37894
37897
37900
37906
37914
37918
37923
37928
37933
37939
37943
37946
37948
37958
37960
37962
37963
37966
37972
37976
37983
38013
38016
38030
38036
38056
38088
38090
38102
38103
38108
38109
38112
38121
38122
38142
38144
38147
38156
38157
38167
38185
38187
38191
38193
38196
38204
38211
38213
38215
38239
38244
38250
38253
38259
38261
38267
38269
38270
38272
38275
38279
38285
38296
38305
38312
38315
38316
38318
38324
38325
38331
38332
38335
38338
38346
38370
38372
38374
38381
38383
38387
38390
38392
38402
38406
38408
38412
38413
38418
38424
38426
38427
38432
38437
38444
38448
38451
38459
38460
38463
38466
38469
38470
38471
38475
38484
38488
38490
38493
38496
38498
38499
38501
38504
38513
38515
38517
38518
38521
38536
38538
38543
38546
38551
38559
38562
38565
38570
38583
38590
38591
38606
38610
38615
38619
38623
38624
38631
38643
38654
38677
38685
38686
38688
38690
38703
38713
38729
38734
38740
38742
38756
38759
38767
38776
38787
38795
38796
38797
38832
38838
38848
38851
38864
38865
38867
38868
38871
38873
38879
38881
38895
38898
38901
38902
38904
38906
38907
38920
38924
38926
38931
38941
38945
38947
38953
38958
38963
38966
38973
38976
38984
38989
39004
39005
39014
39016
39026
39027
39029
39032
39039
39042
39044
39045
39054
39055
39068
39069
39073
39074
39077
39079
39082
39090
39104
39115
39120
39123
39127
39129
39139
39140
39153
39159
39161
39163
39174
39177
39178
39186
39188
39194
39195
39197
39201
39209
39219
39220
39221
39223
39224
39228
39231
39235
39244
39246
39251
39254
39255
39259
39262
39269
39273
39274
39280
39282
39286
39288
39296
39301
39306
39308
39310
39316
39333
39337
39338
39341
39362
39369
39370
39376
39383
39385
39387
39391
39392
39394
39403
39406
39407
39413
39414
39420
39421
39422
39423
39427
39434
39436
39438
39439
39440
39449
39452
39461
39462
39466
39475
39480
39483
39486
39489
39492
39501
39503
39505
39510
39523
39525
39539
39543
39544
39545
39548
39552
39554
39555
39557
39567
39568
39569
39572
39574
39575
39580
39582
39595
39600
39601
39608
39613
39614
39620
39624
39625
39627
39633
39638
39652
39659
39663
39668
39674
39675
39678
39679
39682
39683
39684
39691
39692
39698
39702
39706
39708
39710
39720
39721
39723
39724
39731
39737
39738
39740
39747
39749
39757
39758
39763
39764
39769
39770
39775
39777
39780
39788
39791
39798
39799
39804
39805
39811
39812
39816
39817
39819
39828
39847
39854
39864
39871
39873
39874
39880
39881
39883
39887
39890
39899
39904
39908
39914
39917
39922
39923
39929
39930
39947
39949
39951
39954
39958
39968
39986
39989
39994
40005
40006
40010
40014
40016
40019
40022
40025
40048
40056
40062
40067
40090
40091
40092
40097
40108
40115
40127
40142
40144
40148
40150
40168
40170
40175
40179
40181
40197
40204
40227
40234
40235
40236
40239
40240
40254
40256
40274
40275
40281
40286
40302
40303
40311
40313
40320
40322
40335
40341
40342
40343
40357
40375
40392
40397
40402
40414
40415
40417
40433
40435
40447
40454
40463
40466
40470
40479
40482
40483
40486
40487
40488
40493
40500
40503
40547
40548
40567
40573
40591
40605
40623
40628
40629
40632
40634
40646
40648
40651
40655
40657
40665
40666
40680
40687
40698
40714
40729
40731
40737
40738
40746
40748
40758
40762
40764
40768
40772
40774
40779
40791
40794
40796
40807
40809
40811
40814
40816
40822
40824
40825
40833
40843
40848
40867
40879
40882
40907
40918
40923
40949
40952
40955
40963
40970
40978
40989
40990
40992
41002
41017
41024
41028
41041
41049
41056
41057
41078
41090
41091
41100
41104
41105
41138
41139
41143
41144
41148
41156
41159
41160
41168
41175
41185
41186
41190
41195
41202
41219
41223
41227
41234
41242
41259
41261
41275
41286
41302
41303
41306
41323
41324
41328
41331
41333
41334
41336
41341
41345
41347
41354
41355
41358
41383
41388
41394
41396
41398
41399
41400
41412
41417
41418
41422
41424
41428
41431
41432
41436
41443
41456
41457
41460
41465
41479
41490
41507
41508
41509
41512
41514
41516
41521
41522
41525
41527
41529
41531
41534
41538
41542
41551
41564
41567
41578
41583
41584
41591
41602
41607
41612
41614
41617
41618
41620
41624
41631
41646
41647
41648
41649
41657
41658
41662
41665
41672
41677
41679
41686
41694
41695
41697
41701
41703
41708
41709
41710
41714
41719
41731
41753
41756
41761
41766
41775
41777
41784
41786
41788
41794
41825
41832
41842
41847
41849
41850
41856
41857
41860
41861
41863
41864
41892
41903
41908
41944
41946
41950
41959
41962
41964
41971
41985
41986
41994
42008
42030
42031
42046
42049
42055
42056
42057
42061
42062
42066
42067
42069
42072
42074
42085
42090
42092
42099
42103
42116
42132
42144
42145
42146
42167
42202
42207
42219
42227
42230
42240
42241
42243
42246
42248
42250
42254
42311
42312
42323
42339
42349
42362
42371
42383
42422
42426
42462
42469
42479
42502
42533
42540
42541
42542
42544
42558
42567
42571
42578
42583
42585
42586
42593
42597
42599
42624
42635
42637
42648
42661
42664
42669
42676
42679
42681
42683
42684
42697
42703
42715
42722
42734
42735
42738
42752
42755
42758
42760
42764
42766
42816
42817
42824
42842
42849
42855
42885
42892
42893
42908
42909
42968
42970
42985
42991
42992
42994
42995
42996
43001
43008
43011
43013
43019
43026
43030
43053
43054
43055
43059
43064
43076
43085
43088
43089
43090
43091
43113
43120
43144
43153
43186
43194
43196
43218
43219
43240
43248
43284
43286
43309
43315
43321
43345
43346
43371
43382
43398
43400
43402
43407
43409
43412
43414
43428
43469
43470
43473
43475
43482
43492
43541
43548
43558
43561
43564
43575
43614
43629
43635
43663
43707
43712
43714
43717
43719
43734
43747
43750
43753
43764
43770
43778
43780
43781
43794
43795
43814
43826
43832
43837
43843
43844
43859
43865
43867
43876
43880
43883
43887
43891
43900
43906
43910
43917
43927
43937
43945
43953
43959
43970
43971
43977
43984
43985
43991
44005
44011
44017
44027
44032
44045
44066
44085
44103
44107
44111
44116
44124
44128
44130
44147
44161
44188
44196
44199
44204
44209
44214
44227
44240
44243
44250
44254
44264
44273
44278
44282
44291
44312
44336
44344
44348
44355
44361
44364
44365
44369
44370
44372
44373
44377
44379
44384
44385
44386
44387
44395
44398
44407
44408
44420
44421
44435
44448
44454
44482
44483
44484
44491
44496
44498
44500
44501
44528
44529
44531
44550
44560
44564
44580
44586
44590
44593
44594
44606
44610
44611
44614
44621
44629
44647
44658
44663
44674
44682
44698
44711
44714
44723
44753
44756
44758
44771
44772
44788
44820
44830
44862
44870
44876
44894
44900
44940
44962
44964
44972
44973
45003
45005
45006
45012
45019
45021
45027
45028
45031
45033
45037
45040
45046
45051
45060
45063
45064
45093
45101
45113
45120
45128
45132
45161
45163
45167
45179
45182
45183
45195
45201
45221
45222
45230
45246
45262
45264
45278
45292
45319
45331
45333
45346
45351
45353
45374
45375
45380
45391
45408
45413
45418
45420
45425
45429
45430
45433
45436
45459
45464
45465
45477
45480
45485
45496
45497
45506
45511
45513
45526
45528
45530
45534
45543
45568
45569
45570
45583
45584
45597
45621
45629
45633
45642
45656
45662
45680
45691
45694
45697
45706
45714
45715
45720
45725
45727
45728
45730
45761
45793
45804
45823
45826
45831
45839
45850
45859
45864
45869
45872
45889
45890
45891
45898
45910
45912
45916
45936
45938
45952
45985
45991
45994
46001
46003
46021
46028
46052
46054
46059
46063
46065
46067
46069
46072
46074
46075
46079
46096
46142
46144
46150
46152
46162
46167
46168
46170
46173
46180
46197
46198
46216
46219
46221
46222
46224
46227
46233
46236
46254
46264
46275
46283
46294
46329
46332
46341
46349
46350
46359
46360
46362
46363
46365
46366
46368
46372
46375
46393
46394
46399
46404
46413
46416
46426
46441
46449
46453
46457
46459
46461
46467
46469
46507
46529
46537
46565
46570
46603
46605
46614
46617
46638
46642
46644
46645
46658
46667
46674
46685
46686
46710
46714
46724
46725
46749
46753
46759
46766
46770
46782
46784
46788
46791
46799
46806
46812
46839
46841
46854
46855
46868
46869
46874
46883
46889
46895
46903
46916
46922
46928
46940
46945
46948
46951
46972
47004
47008
47011
47016
47019
47022
47046
47050
47057
47059
47063
47065
47071
47076
47079
47084
47097
47106
47118
47119
47127
47137
47152
47153
47158
47166
47171
47179
47183
47193
47196
47204
47206
47207
47241
47245
47253
47255
47263
47268
47270
47273
47285
47289
47290
47306
47309
47314
47327
47339
47343
47345
47354
47365
47368
47371
47383
47389
47391
47394
47395
47396
47398
47405
47414
47420
47428
47430
47435
47462
47464
47500
47501
47524
47525
47534
47570
47581
47584
47591
47609
47616
47617
47628
47630
47637
47660
47675
47723
47725
47754
47766
47769
47773
47779
47780
47787
47808
47828
47829
47842
47851
47858
47884
47885
47889
47897
47906
47907
47909
47912
47917
47918
47919
47923
47926
47929
47943
47944
47947
47968
47975
47982
47989
47999
48023
48028
48029
48031
48047
48048
48081
48089
48091
48099
48100
48103
48112
48113
48115
48116
48121
48125
48179
48181
48201
48204
48207
48211
48246
48248
48262
48270
48275
48279
48280
48288
48289
48299
48305
48308
48312
48356
48363
48364
48366
48367
48370
48371
48379
48387
48399
48450
48451
48466
48467
48507
48516
48527
48528
48535
48546
48550
48641
48648
48658
48662
48687
48704
48715
48734
48740
48747
48759
48771
48776
48780
48819
48835
48842
48848
48855
48866
48875
48890
48891
48909
48922
48924
48927
48929
48954
48957
48974
48982
48984
48986
48991
48992
48994
48997
48999
49004
49005
49042
49045
49049
49057
49080
49082
49084
49087
49094
49107
49114
49167
49182
49205
49226
49227
49232
49249
49254
49256
49277
49278
49282
49285
49287
49300
49308
49314
49320
49321
49344
49376
49400
49401
49410
49431
49444
49447
49455
49469
49475
49478
49487
49488
49494
49499
49517
49520
49532
49543
49551
49558
49560
49561
49564
49567
49568
49573
49580
49584
49587
49599
49609
49616
49617
49618
49620
49623
49650
49656
49661
49667
49681
49701
49704
49711
49713
49714
49715
49716
49720
49733
49754
49757
49760
49775
49786
49790
49793
49802
49803
49809
49817
49849
49852
49873
49882
49893
49912
49926
49935
49944
49982
49990
49997
49998
49999
50002
50003
50009
50013
50015
50021
50029
50040
50044
50057
50064
50083
50087
50107
50117
50133
50157
50184
50187
50189
50195
50210
50213
50216
50226
50253
50276
50278
50284
50319
50328
50331
50351
50361
50362
50364
50368
50380
50381
50390
50392
50397
50400
50422
50427
50453
50455
50458
50468
50476
50478
50479
50489
50490
50501
50503
50513
50527
50540
50546
50555
50571
50597
50616
50624
50636
50651
50680
50684
50687
50689
50691
50695
50703
50718
50731
50733
50738
50754
50769
50777
50783
50784
50795
50805
50817
50823
50825
50839
50855
50869
50878
50896
50904
50921
50924
50928
50959
50960
50963
50965
50966
50973
50978
50990
50993
51000
51007
51030
51035
51048
51057
51072
51073
51091
51099
51131
51133
51144
51145
51161
51182
51183
51188
51190
51194
51200
51201
51205
51206
51223
51224
51235
51249
51257
51268
51280
51310
51314
51318
51324
51330
51338
51349
51353
51354
51376
51382
51408
51411
51413
51418
51420
51428
51432
51438
51475
51478
51500
51510
51521
51522
51527
51532
51539
51549
51557
51574
51586
51595
51609
51638
51646
51647
51657
51662
51669
51681
51687
51720
51728
51743
51749
51753
51754
51756
51778
51789
51797
51799
51806
51828
51852
51863
51867
51868
51873
51874
51895
51908
51912
51913
51917
51976
51981
51995
52004
52006
52011
52019
52039
52056
52064
52077
52088
52094
52120
52124
52126
52128
52141
52143
52150
52156
52160
52174
52191
52196
52207
52211
52212
52213
52220
52226
52227
52237
52239
52244
52246
52259
52269
52274
52282
52295
52331
52336
52349
52362
52369
52375
52389
52390
52404
52412
52428
52434
52438
52454
52456
52489
52493
52495
52505
52508
52525
52549
52566
52568
52571
52572
52596
52605
52609
52654
52655
52661
52663
52675
52708
52735
52746
52766
52777
52797
52803
52818
52841
52844
52847
52868
52877
52881
52899
52903
52917
52943
52945
52951
52999
53000
53001
53035
53037
53040
53041
53053
53058
53059
53065
53076
53094
53125
53128
53131
53149
53155
53172
53179
53185
53186
53187
53197
53200
53210
53220
53223
53233
53243
53244
53260
53261
53262
53263
53264
53275
53287
53322
53329
53331
53345
53347
53352
53354
53360
53363
53364
53369
53370
53371
53372
53376
53379
53385
53391
53392
53413
53425
53428
53429
53437
53453
53476
53495
53506
53508
53512
53558
53563
53569
53573
53586
53592
53598
53599
53600
53605
53615
53666
53667
53678
53714
53722
53723
53750
53751
53753
53767
53769
53770
53788
53794
53797
53803
53805
53810
53835
53849
53851
53852
53864
53865
53871
53876
53880
53881
53893
53901
53905
53913
53914
53915
53918
53919
53924
53937
53942
53953
53966
53979
53980
53992
54000
54004
54016
54023
54044
54050
54053
54067
54088
54097
54114
54118
54122
54138
54145
54155
54159
54164
54165
54171
54183
54186
54191
54210
54211
54216
54218
54230
54266
54284
54285
54288
54306
54312
54318
54321
54323
54327
54334
54355
54356
54372
54379
54395
54398
54424
54441
54449
54450
54470
54472
54477
54487
54490
54494
54495
54496
54510
54519
54524
54528
54530
54536
54539
54540
54545
54550
54553
54556
54567
54569
54576
54583
54587
54597
54603
54604
54608
54613
54614
54616
54622
54637
54652
54655
54659
54661
54666
54678
54679
54700
54708
54710
54717
54718
54721
54722
54729
54749
54764
54780
54785
54791
54795
54800
54807
54823
54824
54830
54837
54846
54849
54854
54870
54871
54881
54886
54888
54906
54907
54912
54916
54924
54925
54941
54942
54946
54951
54952
54956
54957
54964
54967
54970
54971
54981
54991
54992
54993
55010
55026
55032
55046
55066
55074
55080
55081
55088
55090
55095
55103
55109
55113
55124
55125
55133
55134
55137
55139
55140
55148
55168
55177
55178
55181
55190
55198
55209
55211
55217
55218
55219
55221
55226
55228
55237
55238
55241
55245
55249
55250
55253
55256
55258
55274
55278
55286
55293
55306
55308
55314
55316
55325
55327
55333
55336
55347
55362
55370
55373
55391
55392
55395
55396
55397
55410
55411
55417
55418
55423
55428
55430
55439
55480
55484
55494
55495
55496
55497
55502
55506
55510
55516
55518
55523
55524
55528
55530
55531
55533
55539
55540
55541
55548
55551
55558
55561
55566
55567
55572
55578
55589
55590
55598
55604
55613
55622
55624
55625
55630
55642
55650
55651
55659
55660
55665
55668
55674
55676
55686
55699
55700
55710
55711
55714
55715
55719
55725
55735
55738
55755
55763
55764
55766
55772
55773
55774
55783
55791
55792
55796
55797
55807
55809
55810
55820
55823
55825
55843
55850
55866
55874
55883
55891
55892
55899
55903
55908
55913
55924
55925
55926
55933
55938
55939
55949
55953
55957
55962
55971
55978
55982
55987
55988
55989
56009
56029
56030
56031
56033
56034
56040
56042
56046
56051
56052
56054
56064
56069
56081
56084
56085
56086
56091
56097
56098
56103
56111
56113
56137
56138
56141
56146
56156
56159
56164
56165
56171
56174
56175
56177
56187
56188
56190
56216
56225
56228
56232
56244
56246
56256
56257
56262
56266
56268
56274
56275
56291
56292
56309
56323
56327
56338
56339
56345
56351
56352
56353
56356
56360
56367
56369
56378
56389
56391
56393
56402
56406
56408
56409
56412
56416
56421
56422
56427
56434
56435
56444
56446
56453
56454
56464
56465
56467
56471
56472
56475
56477
56487
56490
56491
56497
56500
56501
56502
56503
56504
56513
56517
56530
56531
56533
56538
56540
56541
56550
56553
56557
56561
56566
56582
56584
56585
56586
56588
56590
56592
56593
56595
56598
56599
56603
56604
56605
56608
56609
56610
56613
56614
56615
56618
56619
56622
56623
56635
56636
56638
56651
56656
56659
56669
56676
56678
56679
56688
56710
56727
56728
56744
56748
56763
56773
56775
56780
56783
56789
56793
56795
56799
56800
56801
56805
56810
56814
56819
56821
56824
56825
56828
56829
56839
56842
56849
56851
56853
56858
56859
56860
56864
56865
56867
56870
56880
56885
56886
56887
56891
56895
56901
56912
56921
56923
56927
56928
56931
56939
56940
56941
56944
56946
56947
56951
56952
56953
56956
56959
56966
56971
56981
56983
56989
57001
57009
57011
57013
57020
57022
57023
57031
57057
57061
57064
57066
57071
57072
57086
57087
57096
57097
57103
57106
57120
57123
57126
57129
57135
57137
57145
57148
57151
57152
57157
57158
57167
57180
57186
57198
57206
57208
57213
57215
57218
57220
57238
57239
57240
57243
57245
57256
57276
57284
57285
57303
57306
57310
57311
57313
57316
57318
57325
57329
57330
57336
57337
57338
57343
57360
57361
57363
57365
57384
57387
57390
57398
57400
57412
57413
57414
57417
57420
57433
57436
57451
57454
57463
57464
57469
57472
57473
57487
57489
57492
57495
57520
57524
57525
57526
57529
57533
57535
57538
57539
57543
57547
57548
57551
57555
57559
57562
57563
57572
57575
57577
57582
57585
57586
57592
57594
57600
57605
57610
57636
57648
57649
57653
57655
57663
57693
57698
57699
57703
57717
57723
57729
57736
57739
57745
57746
57749
57758
57760
57774
57782
57784
57788
57793
57803
57805
57813
57831
57836
57851
57858
57882
57885
57889
57892
57899
57913
57916
57917
57918
57920
57921
57926
57928
57938
57940
57954
57961
57963
57967
57970
57971
57975
57977
57979
58009
58016
58017
58025
58028
58055
58057
58059
58067
58070
58071
58073
58075
58081
58083
58101
58102
58112
58115
58122
58162
58193
58196
58201
58206
58234
58244
58258
58260
58267
58268
58276
58319
58326
58329
58336
58339
58348
58349
58359
58361
58362
58373
58380
58393
58397
58401
58416
58424
58432
58434
58440
58447
58458
58463
58486
58536
58552
58572
58585
58605
58619
58622
58627
58630
58642
58644
58653
58662
58663
58665
58686
58709
58710
58711
58718
58720
58741
58752
58768
58779
58791
58815
58822
58830
58831
58848
58861
58868
58877
58880
58887
58888
58889
58897
58899
58903
58904
58910
58916
58924
58925
58926
58951
58955
58961
58967
58968
58969
58970
58975
58978
58992
59003
59004
59005
59013
59022
59049
59056
59060
59073
59098
59112
59122
59128
59132
59135
59145
59147
59149
59154
59164
59170
59178
59182
59183
59186
59189
59195
59218
59221
59227
59230
59232
59263
59267
59269
59272
59274
59282
59286
59287
59298
59302
59304
59317
59319
59325
59328
59350
59358
59402
59407
59416
59423
59425
59431
59432
59446
59454
59456
59462
59467
59470
59479
59484
59487
59501
59517
59518
59529
59534
59540
59543
59548
59554
59590
59592
59593
59603
59609
59620
59622
59625
59627
59629
59630
59649
59660
59667
59672
59682
59712
59714
59719
59727
59730
59770
59774
59780
59782
59783
59785
59797
59802
59803
59807
59808
59809
59810
59813
59814
59821
59823
59824
59825
59835
59836
59837
59839
59840
59843
59844
59854
59857
59858
59859
59869
59870
59872
59874
59877
59878
59888
59889
59891
59913
59925
59927
59934
59949
59950
59952
59958
59965
59971
59973
59974
59979
59980
59983
59995
59996
60015
60022
60032
60033
60038
60048
60053
60069
60108
60121
60124
60129
60131
60135
60143
60145
60150
60151
60152
60166
60169
60185
60189
60191
60195
60196
60206
60209
60212
60224
60228
60233
60235
60242
60245
60246
60250
60251
60256
60257
60258
60269
60272
60275
60278
60279
60280
60297
60302
60306
60308
60315
60322
60323
60326
60327
60332
60334
60335
60338
60346
60348
60365
60374
60379
60384
60391
60395
60397
60399
60401
60403
60405
60414
60423
60424
60429
60430
60445
60448
60451
60464
60465
60481
60484
60487
60494
60505
60510
60526
60527
60528
60544
60559
60569
60570
60573
60577
60581
60593
60607
60613
60614
60619
60624
60635
60636
60641
60642
60643
60651
60655
60657
60669
60670
60675
60684
60687
60703
60708
60715
60720
60726
60729
60733
60734
60745
60749
60752
60754
60761
60769
60770
60791
60796
60797
60809
60813
60816
60835
60847
60855
60860
60864
60866
60869
60877
60878
60889
60891
60900
60903
60905
60908
60911
60914
60918
60926
60936
60955
60959
60961
60962
60965
60972
60976
60981
60990
60995
60999
61001
61003
61011
61025
61029
61034
61038
61045
61047
61048
61049
61059
61060
61061
61063
61079
61110
61111
61119
61130
61134
61139
61146
61150
61158
61166
61167
61170
61185
61187
61201
61206
61211
61214
61216
61222
61224
61226
61245
61246
61249
61259
61260
61268
61272
61276
61278
61283
61285
61286
61287
61288
61300
61304
61305
61306
61312
61314
61325
61327
61329
61331
61333
61336
61337
61344
61357
61362
61364
61365
61366
61369
61370
61371
61375
61376
61380
61381
61387
61396
61399
61401
61402
61408
61412
61419
61421
61422
61425
61428
61430
61440
61443
61444
61445
61448
61455
61466
61471
61481
61499
61513
61527
61535
61536
61543
61549
61555
61569
61581
61587
61588
61589
61590
61591
61598
61602
61603
61611
61614
61616
61618
61621
61625
61640
61642
61646
61653
61663
61671
61673
61676
61695
61698
61721
61725
61729
61736
61740
61741
61745
61746
61753
61762
61774
61775
61781
61782
61795
61797
61807
61811
61814
61834
61837
61847
61848
61859
61860
61861
61863
61865
61866
61871
61874
61878
61880
61881
61883
61885
61886
61893
61900
61906
61918
61920
61927
61930
61936
61946
61949
61961
61971
61972
61983
61986
61988
61989
61990
61998
62000
62006
62014
62016
62054
62055
62057
62061
62062
62064
62074
62091
62103
62108
62110
62116
62133
62137
62142
62145
62147
62148
62151
62154
62158
62163
62164
62167
62171
62173
62175
62177
62179
62181
62182
62183
62192
62193
62195
62206
62207
62213
62226
62234
62237
62241
62243
62245
62248
62256
62257
62263
62268
62280
62288
62293
62294
62301
62313
62320
62323
62340
62344
62357
62361
62366
62368
62378
62379
62384
62388
62401
62402
62403
62414
62415
62416
62433
62439
62440
62455
62457
62469
62474
62480
62500
62510
62514
62520
62522
62524
62527
62539
62543
62544
62552
62555
62557
62558
62567
62570
62591
62594
62598
62599
62613
62624
62630
62633
62644
62648
62652
62653
62654
62659
62668
62671
62673
62677
62684
62686
62720
62721
62723
62725
62740
62747
62753
62769
62779
62782
62784
62786
62797
62801
62813
62814
62815
62818
62821
62822
62823
62830
62835
62838
62839
62840
62843
62844
62846
62854
62864
62867
62878
62881
62887
62889
62891
62893
62897
62898
62905
62909
62920
62924
62930
62931
62938
62945
62949
62950
62958
62959
62960
62961
62962
62972
62974
62981
62988
62989
62990
62995
63004
63009
63012
63014
63016
63021
63034
63036
63039
63041
63050
63052
63057
63064
63065
63067
63076
63078
63083
63084
63085
63100
63105
63108
63122
63131
63133
63135
63147
63154
63166
63168
63184
63191
63206
63208
63221
63233
63241
63243
63246
63257
63261
63271
63273
63279
63293
63304
63316
63321
63326
63332
63343
63361
63385
63386
63387
63412
63413
63415
63417
63419
63421
63426
63431
63442
63443
63463
63467
63468
63473
63477
63478
63479
63481
63482
63483
63484
63487
63489
63495
63499
63500
63513
63515
63520
63539
63542
63567
63586
63588
63612
63615
63622
63640
63656
63661
63665
63668
63682
63683
63708
63715
63720
63727
63730
63737
63747
63759
63771
63775
63788
63800
63807
63808
63824
63833
63841
63853
63856
63867
63879
63881
63882
63888
63900
63902
63906
63907
63910
63912
63927
63937
63939
63949
63960
63976
63988
63991
64009
64014
64023
64048
64060
64066
64078
64106
64109
64110
64112
64114
64117
64118
64123
64139
64142
64147
64152
64156
64165
64174
64185
64194
64197
64198
64214
64229
64235
64241
64243
64244
64245
64248
64257
64258
64275
64284
64292
64294
64303
64304
64305
64309
64321
64325
64330
64342
64345
64346
64360
64361
64368
64369
64377
64382
64396
64406
64407
64412
64440
64445
64457
64462
64469
64482
64489
64506
64520
64524
64535
64554
64563
64566
64587
64588
64591
64594
64599
64603
64605
64609
64614
64628
64631
64641
64643
64648
64661
64669
64670
64687
64695
64719
64723
64756
64757
64764
64781
64785
64794
64795
64807
64820
64830
64859
64867
64872
64880
64883
64901
64906
64913
64931
64940
64950
64955
64963
64970
64978
64987
64993
64998
65014
65015
65017
65020
65022
65041
65043
65044
65053
65054
65057
65064
65082
65095
65096
65101
65113
65119
65140
65151
65152
65162
65166
65167
65184
65188
65189
65201
65212
65214
65219
65235
65238
65248
65266
65268
65279
65347
65369
65371
65380
65393
65397
65398
65403
65415
65427
65434
65440
65454
65462
65478
65479
65487
65514
65526
65532
65535
65546
65552
65553
65554
65569
65574
65580
65587
65590
65609
65612
65620
65627
65637
65644
65646
65650
65658
65670
65671
65692
65693
65695
65706
65714
65727
65733
65741
65747
65763
65779
65819
65840
65842
65845
65849
65850
65855
65856
65861
65875
65883
65896
65933
65936
65943
65956
65959
65966
65968
65970
65985
65993
66026
66029
66059
66068
66071
66077
66080
66085
66090
66096
66133
66143
66155
66187
66190
66199
66212
66216
66245
66269
66271
66277
66285
66289
66300
66321
66366
66376
66380
66385
66390
66393
66397
66403
66412
66422
66434
66457
66463
66465
66505
66519
66542
66546
66551
66556
66558
66566
66567
66571
66574
66576
66583
66585
66603
66607
66631
66636
66640
66664
66677
66688
66712
66713
66720
66724
66727
66735
66737
66748
66749
66759
66764
66773
66781
66812
66821
66844
66859
66860
66868
66869
66882
66892
66900
66902
66918
66928
66929
66933
66935
66941
66951
66957
66961
66964
66965
66969
66971
66977
66998
67012
67024
67028
67033
67035
67038
67039
67050
67056
67058
67067
67072
67076
67092
67107
67112
67129
67130
67134
67135
67138
67142
67148
67158
67164
67166
67167
67169
67190
67197
67242
67262
67277
67279
67285
67292
67294
67295
67299
67300
67309
67318
67326
67332
67341
67361
67387
67388
67393
67400
67403
67410
67416
67425
67433
67437
67458
67460
67463
67464
67470
67483
67494
67495
67506
67517
67540
67557
67581
67588
67619
67624
67625
67633
67638
67642
67665
67669
67677
67680
67683
67684
67687
67690
67700
67706
67708
67714
67720
67741
67745
67747
67755
67761
67767
67773
67776
67783
67804
67812
67834
67837
67844
67854
67855
67857
67873
67889
67903
67909
67913
67914
67915
67918
67938
67946
67954
67960
67966
67967
67973
67976
67996
68002
68013
68017
68050
68053
68060
68070
68088
68094
68095
68104
68114
68127
68141
68153
68156
68165
68180
68193
68195
68199
68214
68216
68224
68227
68228
68232
68237
68258
68279
68283
68284
68287
68313
68314
68321
68330
68333
68351
68359
68368
68379
68383
68450
68454
68470
68482
68484
68489
68501
68502
68515
68520
68523
68526
68544
68546
68548
68549
68553
68559
68562
68563
68572
68578
68583
68593
68600
68621
68626
68629
68633
68644
68661
68662
68668
68671
68681
68685
68718
68746
68747
68765
68772
68789
68791
68792
68793
68809
68811
68812
68813
68819
68821
68825
68836
68837
68841
68843
68847
68848
68852
68853
68854
68855
68859
68860
68861
68862
68863
68865
68866
68867
68880
68881
68887
68889
68895
68902
68912
68916
68921
68926
68932
68943
68949
68954
68957
68958
68964
68966
68970
68971
68973
68974
68975
68979
68992
68993
68997
69003
69007
69009
69014
69023
69027
69028
69036
69049
69066
69106
69107
69112
69122
69124
69149
69165
69167
69170
69176
69198
69201
69210
69211
69216
69217
69222
69240
69249
69256
69260
69268
69272
69280
69282
69289
69291
69305
69316
69322
69335
69345
69355
69356
69359
69370
69371
69376
69377
69378
69386
69388
69396
69402
69410
69418
69425
69426
69431
69432
69448
69460
69471
69473
69478
69485
69490
69493
69511
69518
69536
69540
69544
69566
69574
69577
69584
69586
69590
69596
69608
69617
69625
69639
69641
69647
69649
69660
69668
69682
69686
69687
69703
69718
69719
69721
69723
69748
69760
69800
69814
69816
69817
69821
69833
69835
69837
69839
69843
69845
69869
69872
69879
69887
69894
69920
69923
69925
69930
69935
69941
69950
69970
69973
69990
69996
70002
70004
70013
70020
70022
70023
70028
70034
70042
70050
70061
70069
70083
70090
70097
70102
70110
70112
70130
70132
70138
70139
70141
70146
70158
70178
70180
70181
70192
70193
70194
70199
70212
70221
70224
70231
70238
70247
70253
70255
70257
70269
70270
70271
70273
70274
70281
70290
70291
70293
70294
70296
70298
70303
70306
70308
70316
70317
70320
70323
70324
70336
70347
70356
70359
70370
70372
70373
70379
70388
70409
70413
70421
70423
70430
70436
70438
70442
70449
70455
70457
70461
70462
70471
70472
70474
70475
70476
70480
70484
70485
70488
70489
70491
70492
70501
70503
70508
70515
70521
70522
70523
70528
70540
70541
70544
70555
70557
70560
70562
70568
70569
70570
70571
70588
70595
70596
70614
70626
70630
70641
70643
70645
70649
70656
70666
70678
70695
70707
70710
70711
70712
70714
70716
70720
70722
70753
70762
70764
70768
70775
70787
70790
70791
70794
70797
70801
70838
70843
70845
70852
70857
70858
70860
70866
70868
70873
70925
70928
70934
70937
70953
70964
70975
70977
220
246
356
363
385
720
725
873
964
985
1102
1114
1128
1132
1152
1165
1271
1401
1406
1558
1706
1827
1869
1910
1921
2003
2138
2223
2251
2327
2338
2410
2424
2481
2494
2518
2584
2675
2755
2863
2869
2993
3127
3143
3176
3189
3192
3231
3266
3469
3567
3652
3661
3723
3846
3907
3916
3927
4042
4367
4504
4525
4574
4737
4766
4802
4887
4968
4986
4991
5054
5107
5111
5134
5145
5390
5403
5460
5509
5554
5614
5674
5684
5717
5814
5866
5922
6009
6176
6179
6457
6515
6692
6958
6981
7081
7137
7210
7253
7272
7409
7412
7414
7429
7591
7700
7736
7943
8004
8011
8075
8179
8192
8239
8280
8301
8314
8488
8591
8629
8638
8654
8912
8923
8967
9007
9032
9045
9092
9124
9147
9402
9428
9455
9477
9664
9714
9742
9777
9866
9920
9942
9943
9994
10044
10116
10143
10346
10368
10609
10694
10742
10794
10857
10966
10991
11036
11166
11221
11253
11351
11510
11610
11652
11723
11734
11755
11833
12014
12028
12094
12165
12296
12349
12500
12519
12571
12590
13169
13222
13341
13415
13477
13601
13632
13663
13713
13763
13845
13945
13985
14007
14114
14337
14473
14483
14538
14548
14635
14654
14755
14798
14879
14909
14985
15188
15357
15365
15378
15695
15699
15834
15921
15956
16097
16114
16294
16303
16461
16612
16646
16678
16679
16919
16928
16971
16987
17026
17156
17393
17560
17561
17584
17596
17608
17618
17702
18090
18222
18250
18253
18258
18264
18391
18607
18637
18764
18820
18838
18943
18987
19020
19051
19067
19122
19143
19184
19188
19232
19275
19304
19376
19474
19531
19549
19551
19556
19641
19684
19692
19721
19773
19795
19936
19960
20169
20376
20457
20513
20589
20741
20750
20856
20878
20891
20955
20958
21044
21109
21159
21245
21659
21674
21757
21953
22004
22043
22056
22090
22298
22408
22650
22659
22699
22726
22780
22815
22892
22979
23084
23140
23172
23351
23481
23556
23943
24071
24081
24174
24209
24219
24265
24378
24502
24599
24618
24619
24740
24802
24892
24987
25029
25137
25140
25365
25383
25562
25609
25650
25654
25671
25721
25731
25732
25817
25828
25895
25991
26108
26138
26485
26666
26730
26731
26855
26891
26995
27089
27167
27355
27551
27701
27745
27827
27878
27896
28209
28236
28417
28420
28475
28491
28523
28621
28694
28725
28836
28892
28913
28922
29235
29261
29266
29350
29370
29449
29528
29531
29557
29577
29685
29861
29908
29949
29986
30114
30135
30205
30256
30301
30429
30441
30453
30504
30562
30638
30646
30755
30776
30784
30837
30859
30931
30938
30961
30967
31122
31164
31321
31345
31359
31396
31407
31448
31556
31588
31589
31620
31623
31648
31656
31702
31741
31774
31812
31912
31926
31943
31988
32016
32220
32278
32282
32311
32437
32448
32450
32457
32560
32582
32612
32621
32638
32656
32678
32714
32780
32911
32950
32989
33013
33018
33023
33050
33127
33128
33165
33224
33254
33285
33293
33372
33409
33456
33551
33554
33732
33747
33831
33849
33878
33910
33941
33987
34089
34107
34170
34202
34209
34215
34308
34322
34427
34605
34838
34918
35272
35320
35378
35539
35568
35576
35596
35767
35771
35785
35894
35926
35952
35969
35988
36191
36414
36415
36420
36421
36440
36556
36648
36649
36800
36821
36827
36833
36848
36866
36917
36938
36962
37011
37083
37187
37216
37283
37439
37481
37497
37499
37585
37644
37673
37751
37757
37961
38002
38005
38101
38145
38208
38223
38245
38277
38380
38396
38434
38474
38478
38502
38544
38549
38579
38600
38604
38614
38646
38657
38684
38697
38751
38803
38819
38845
38888
38938
38948
38954
39006
39083
39170
39207
39238
39473
39592
39594
39673
39715
39722
39843
39911
39946
39956
40020
40045
40139
40203
40319
40361
40380
40569
40637
40643
40754
40818
41004
41243
41255
41326
41406
41411
41517
41535
41603
41640
41645
41717
41718
41749
41805
41828
41846
41859
41949
42075
42086
42606
42728
42730
42949
43133
43185
43260
43374
43405
43540
43619
43657
43737
43738
43912
43960
44135
44198
44216
44261
44274
44295
44345
44437
44449
45024
45133
45271
45296
45560
45650
45659
45672
45757
45877
46111
46119
46126
46247
46293
46333
46364
46383
46451
46455
46615
46640
46641
46695
46732
46733
47178
47235
47296
47486
47491
47623
48337
48442
48519
48522
48608
48624
48654
48883
48953
49137
49441
49595
49751
49829
49945
49949
50054
50121
50246
50304
50349
50456
50757
50856
51037
51084
51211
51321
51561
51604
51648
51665
51864
52248
52350
52423
52506
52520
52611
52800
52829
53012
53021
53248
53383
53449
53643
53735
53854
54011
54038
54075
54100
54273
54357
54380
54381
54503
54515
54590
54605
54628
54662
54673
54719
54816
54857
54879
54891
54909
54913
54919
54954
54958
54972
55019
55042
55059
55096
55099
55119
55199
55206
55216
55277
55281
55297
55311
55338
55375
55403
55422
55434
55580
55586
55609
55749
55769
55786
55804
55869
55911
55963
55995
56067
56154
56211
56240
56255
56270
56278
56432
56470
56480
56528
56542
56546
56587
56627
56634
56713
56812
56816
56850
56958
56987
56999
57140
57150
57221
57253
57358
57388
57437
57443
57466
57482
57490
57521
57571
57612
57646
57657
57677
57706
57711
57770
58205
58229
58545
58708
58873
58940
59051
59124
59346
59519
59525
60060
60096
60156
60158
60164
60200
60303
60325
60358
60373
60422
60426
60622
60691
60692
60698
60762
60764
60777
60780
60794
60795
60820
60828
60846
60863
60946
60948
60956
61138
61302
61403
61463
61595
61597
61605
61617
61650
61666
61672
61765
61806
61897
61912
61928
61960
61975
61978
62001
62060
62063
62077
62102
62139
62186
62219
62281
62374
62394
62432
62483
62666
62719
62741
62765
62780
62802
62979
62994
63035
63123
63187
63452
63617
63627
63699
63712
63721
63763
63811
63871
63921
63929
63955
64239
64276
64279
64376
64502
64517
64608
64819
65042
65089
65142
65199
65322
65568
65572
65719
65750
65769
65820
65897
66033
66092
66147
66221
66369
66425
66539
66592
66663
66714
66762
66832
66876
67029
67051
67086
67091
67115
67125
67283
67287
67352
67358
67365
67899
67920
67941
67961
68166
68469
68648
68682
68740
68849
68869
68931
68967
69203
69204
69220
69265
69283
69423
69494
69550
69634
69830
69852
69919
69957
70001
70048
70080
70168
70184
70432
70441
70470
70481
70518
70533
70552
70584
70598
70659
70729
70748
70834
70894
70900
