13402
36914
37453
39940
50521
59781
61914
65716
1501
1546
1669
2046
2516
3250
3548
3583
4260
5161
5449
6540
7755
8452
8943
9803
9985
10636
10704
10842
10931
11808
12436
12571
12706
13756
13842
14648
14930
15283
15780
16053
16432
16920
16966
18717
18840
18994
19540
20100
20126
20984
21630
23410
25177
25248
25688
26533
26581
27090
27963
28744
29620
29965
30403
30859
31561
32368
32374
33145
34164
34927
36304
36515
37383
37946
38713
39328
39799
40675
42150
42342
42580
42585
43400
44389
44899
45230
45565
46325
47672
47851
47990
48483
49699
49759
50757
50859
51068
51330
53088
53646
54218
54801
55464
55590
56818
56875
57109
57848
59461
59609
60180
60664
60895
60985
61160
63268
63811
64322
64548
64637
65278
65315
66324
66712
66734
66985
67910
67977
68119
68929
68931
69123
69434
69471
69913
