10570
11683
12519
14517
19288
21848
22232
22876
25865
27972
28869
28903
29632
29679
30156
34345
35629
37028
37905
39153
39757
41257
55804
57636
59950
62623
68815
69015
69261
69667
70795
176
191
212
254
331
356
357
379
392
454
545
557
573
803
843
845
904
912
982
1102
1103
1195
1264
1406
1466
1527
1625
1642
1748
1777
1851
1859
1865
2046
2060
2071
2137
2148
2253
2287
2296
2301
2311
2338
2378
2462
2494
2590
2615
2770
2804
2960
3009
3212
3289
3316
3370
3433
3476
3482
3510
3526
3575
3628
3660
3661
3720
3791
3920
3975
4125
4180
4182
4205
4442
4547
4621
4640
4660
4661
4695
4698
4727
4737
4739
4802
4950
4980
4990
4997
5010
5043
5107
5109
5169
5355
5431
5525
5545
5615
5619
5645
5697
5916
5999
6127
6179
6257
6333
6336
6366
6427
6465
6473
6574
6677
6692
6787
6788
6936
6958
6979
7021
7035
7250
7253
7272
7348
7372
7374
7381
7404
7412
7503
7659
7725
7856
7949
8048
8087
8139
8152
8193
8204
8228
8239
8257
8276
8430
8452
8465
8471
8475
8500
8603
8658
8816
8847
8849
8881
8890
8964
9065
9067
9070
9108
9129
9159
9173
9192
9204
9234
9262
9263
9273
9278
9332
9425
9435
9509
9611
9613
9632
9665
9714
9740
9742
9754
9867
9950
10011
10061
10106
10112
10177
10255
10314
10330
10335
10413
10421
10459
10530
10565
10567
10577
10602
10623
10676
10710
10786
10821
10867
10919
11036
11065
11166
11176
11375
11475
11510
11604
11620
11636
11652
11693
11746
11787
11847
11901
11902
11912
11923
12139
12145
12164
12303
12333
12398
12434
12450
12485
12511
12552
12632
12757
12770
12905
12909
13378
13448
13529
13552
13605
13626
13670
13674
13688
13706
13773
13942
13970
14078
14098
14110
14225
14239
14254
14378
14379
14439
14463
14537
14595
14602
14640
14667
14721
14804
14827
14854
14865
14909
14966
15029
15096
15119
15177
15184
15196
15294
15357
15458
15469
15490
15547
15588
15621
15655
15695
15699
15703
15804
15817
15877
15928
15956
16007
16025
16195
16202
16354
16382
16434
16451
16466
16528
16544
16548
16569
16619
16663
16677
16699
16706
16739
16770
16794
16881
16919
17015
17079
17090
17091
17156
17194
17203
17233
17240
17245
17257
17293
17305
17393
17439
17456
17508
17512
17518
17560
17561
17588
17597
17649
17690
17705
17727
17736
17750
17780
18092
18126
18129
18147
18222
18293
18320
18349
18391
18479
18585
18620
18670
18775
18853
18938
18955
19032
19052
19115
19150
19474
19551
19684
19711
19748
19773
19865
19909
19928
19959
20009
20030
20067
20083
20171
20175
20179
20319
20380
20457
20530
20558
20587
20598
20630
20650
20658
20747
20757
21096
21283
21309
21342
21416
21476
21555
21576
21710
21712
21800
21815
21835
21904
21934
21961
21981
22043
22099
22101
22127
22154
22201
22212
22330
22349
22384
22405
22475
22517
22567
22699
22705
22780
22815
22941
22975
23051
23084
23172
23319
23320
23321
23333
23351
23354
23355
23394
23400
23444
23472
23487
23567
23591
23625
23698
23938
24028
24038
24059
24077
24219
24271
24289
24312
24378
24380
24384
24397
24405
24481
24627
24687
24713
24720
24740
24768
24888
24892
24896
24936
24945
24959
25027
25071
25094
25213
25303
25347
25350
25353
25365
25390
25445
25510
25552
25672
25697
25739
25812
25864
25991
26050
26104
26106
26167
26236
26425
26434
26438
26441
26516
26525
26577
26605
26726
26730
26885
26965
27109
27114
27194
27239
27560
27563
27692
27700
27742
27745
27844
28015
28087
28235
28441
28467
28475
28495
28523
28525
28557
28602
28613
28618
28621
28684
28694
28774
28791
28864
28946
29029
29043
29261
29320
29364
29370
29399
29510
29559
29636
29645
29796
29798
29825
29844
29947
30007
30114
30135
30180
30181
30182
30188
30205
30240
30295
30429
30441
30528
30566
30579
30599
30630
30638
30657
30727
30798
30918
30926
30930
30935
30936
30938
30941
30967
30984
31168
31188
31205
31268
31281
31282
31313
31396
31409
31432
31455
31510
31553
31577
31579
31640
31648
31692
31715
31725
31785
31798
31807
31834
31852
31854
31893
31904
31926
31988
31994
32008
32121
32145
32179
32193
32327
32330
32340
32352
32370
32447
32498
32510
32533
32578
32587
32588
32623
32646
32669
32671
32672
32780
32783
32868
32921
32999
33088
33092
33107
33114
33219
33251
33261
33293
33294
33303
33341
33395
33443
33452
33519
33535
33551
33584
33625
33673
33707
33720
33766
33824
33852
33862
33878
33953
33982
33987
34002
34062
34089
34104
34107
34208
34238
34242
34634
34941
34945
34953
34956
34972
34980
35146
35307
35320
35324
35366
35378
35433
35438
35458
35465
35527
35557
35621
35795
35837
35853
35878
35931
35938
36001
36038
36041
36051
36235
36241
36248
36342
36352
36361
36407
36409
36507
36544
36562
36569
36604
36613
36616
36618
36670
36693
36703
36763
36791
36794
36825
36838
36846
36930
36962
37181
37182
37229
37241
37250
37262
37288
37304
37306
37325
37369
37392
37449
37452
37464
37485
37487
37672
37757
37799
37843
37903
37934
37957
37961
38002
38005
38017
38054
38167
38177
38183
38208
38240
38277
38284
38285
38308
38333
38358
38380
38392
38396
38406
38431
38451
38472
38475
38503
38521
38528
38585
38590
38604
38622
38662
38674
38716
38717
38720
38733
38740
38754
38781
38946
38948
38954
38992
38994
39000
39027
39032
39124
39159
39191
39207
39211
39243
39282
39294
39306
39340
39414
39426
39434
39443
39445
39467
39589
39619
39674
39740
39764
39784
39825
39924
39949
40041
40221
40224
40225
40258
40266
40287
40312
40318
40342
40348
40361
40380
40399
40467
40470
40647
40675
40736
40737
40960
40978
41082
41186
41206
41207
41224
41233
41280
41312
41330
41378
41421
41492
41518
41538
41544
41555
41570
41618
41710
41747
41760
41784
41827
41882
41910
41956
41970
42014
42019
42051
42061
42075
42092
42153
42207
42218
42251
42267
42553
42587
42726
42730
42892
42900
42985
42996
43013
43026
43173
43215
43218
43386
43600
43670
43705
43738
43766
43782
43795
43807
43949
44140
44194
44309
44472
44501
44541
44625
44704
44859
44983
45079
45141
45149
45266
45380
45445
45530
45590
45883
45900
45906
46044
46131
46306
46346
46359
46375
46384
46394
46413
46832
46833
46871
46874
46972
47007
47017
47088
47154
47183
47258
47396
47414
47483
47921
47977
48081
48515
48522
48855
48857
48957
48986
49042
49062
49205
49438
49444
49461
49520
49567
49572
49681
49695
49712
49777
49828
49884
49949
50002
50253
50276
50278
50297
50406
50541
50567
50577
50689
50697
50981
51084
51108
51280
51378
51500
51649
51776
51834
51929
51953
52056
52176
52182
52192
52253
52387
52418
52471
52750
52772
52945
52988
53015
53125
53299
53499
53563
53631
54297
54325
54357
54381
54411
54490
54491
54504
54549
54551
54628
54720
54749
54814
54832
54842
54855
54868
54870
54879
54927
54945
54967
55010
55032
55048
55053
55126
55145
55176
55204
55236
55244
55250
55268
55292
55297
55311
55320
55357
55488
55491
55518
55519
55579
55594
55643
55647
55665
55694
55697
55772
55872
55892
55897
55924
55939
56124
56154
56165
56185
56242
56292
56352
56464
56500
56526
56530
56545
56546
56587
56600
56626
56847
56849
56872
56964
56999
57012
57035
57093
57103
57179
57209
57224
57267
57299
57322
57389
57405
57442
57444
57458
57634
57637
57654
57664
57672
57677
57680
57684
57744
57749
57769
57800
57818
57821
57894
57935
58014
58023
58055
58066
58205
58229
58336
58349
58542
58545
58686
58734
58966
58968
58972
58974
59028
59066
59210
59427
59456
59477
59486
59534
59598
59600
59606
59620
59661
59671
59776
59867
59924
59926
59946
59972
60033
60045
60131
60193
60197
60198
60217
60227
60233
60242
60250
60262
60307
60347
60360
60368
60369
60371
60379
60394
60401
60409
60422
60433
60448
60593
60665
60726
60740
60741
60755
60759
60771
60802
60847
60863
60864
60866
60916
60925
60930
60937
60943
60967
61002
61003
61011
61012
61149
61167
61174
61250
61284
61302
61353
61432
61434
61466
61527
61538
61543
61595
61624
61640
61650
61672
61709
61788
61850
61899
61972
62005
62015
62022
62029
62037
62060
62103
62107
62166
62186
62206
62215
62219
62249
62256
62270
62312
62330
62395
62440
62542
62571
62604
62610
62622
62666
62680
62730
62736
62751
62772
62790
62836
62844
62866
62885
62996
62997
63141
63157
63172
63314
63416
63417
63467
63596
63605
63610
63729
63734
63814
63836
63871
63884
63895
63899
63909
63911
63968
64071
64072
64104
64134
64161
64163
64274
64279
64315
64327
64455
64507
64609
64712
64784
64831
64882
65096
65146
65166
65217
65305
65322
65760
65789
65855
65864
65872
65890
65959
66032
66058
66228
66321
66391
66480
66495
66498
66593
66663
66714
67129
67194
67283
67363
67365
67397
67514
67580
67624
67732
67848
67851
67910
67932
67937
67961
68013
68136
68151
68178
68349
68384
68541
68550
68682
68734
68740
68749
68765
68829
68920
68925
68930
69017
69033
69036
69078
69123
69139
69163
69249
69311
69346
69394
69413
69418
69440
69490
69578
69631
69751
69766
69772
69796
69813
69850
69858
69872
69874
69894
69905
69931
69997
70114
70140
70228
70261
70293
70321
70322
70355
70404
70427
70432
70484
70506
70631
70654
70676
70710
70729
70772
70791
70797
70818
70836
70846
70912
70947
